0.8319077182699277
0.10398846478374096
0.030811396972960287
0.01299855809796762
0.0066552617461594216
0.003851424621620036
0.0024253869337315676
0.0016248197622459526
0.0011411628508503809
0.0008319077182699277
0.0006250245817204566
0.0004814280777025045
0.0003786562213336039
0.00030317336671644595
0.0002464911757836823
0.00020310247028074407
0.00016932784821288983
0.0001426453563562976
0.00012128702701121559
0.00010398846478374096
8.982914569376177e-05
7.812807271505707e-05
6.837410358099184e-05
6.017850971281306e-05
5.324209396927537e-05
4.733202766670049e-05
4.226529077223633e-05
3.7896670839555744e-05
3.410995605682593e-05
3.081139697296029e-05
2.7924800049341333e-05
2.538780878509301e-05
2.314905858223913e-05
2.116598102661123e-05
1.940309546985254e-05
1.78306695445372e-05
1.642366134819118e-05
1.5160878376401949e-05
1.4024304493837181e-05
1.299855809796762e-05
1.2070453392578862e-05
1.122864321172022e-05
1.0463326729343677e-05
9.766009089382134e-06
9.129302806803048e-06
8.54676294762398e-06
8.01274975939751e-06
7.5223137141016325e-06
7.071098932162005e-06
6.655261746159421e-06
6.271401785662586e-06
5.916503458337561e-06
5.587886095702679e-06
5.283161346529541e-06
5.000196653763652e-06
4.737083854944468e-06
4.492112111526503e-06
4.263744507103242e-06
4.050597764474108e-06
3.851424621620036e-06
3.665098480797634e-06
3.4906000061676667e-06
3.3270053960652505e-06
3.173476098136626e-06
3.029249770668831e-06
2.8936323227798915e-06
2.7659908907343247e-06
2.6457476283264036e-06
2.5323742067034015e-06
2.4253869337315676e-06
2.324342415488565e-06
2.22883369306715e-06
2.1384867969007208e-06
2.0529576685238973e-06
1.9719294062694584e-06
1.8951097970502436e-06
1.822229101225821e-06
1.7530380617296476e-06
1.6873061122343826e-06
1.6248197622459525e-06
1.5653811397124567e-06
1.5088066740723577e-06
1.4549259046986512e-06
1.4035804014650276e-06
1.3546227857031185e-06
1.3079158411679596e-06
1.263331705808368e-06
1.2207511361727668e-06
1.180062837188483e-06
1.141162850850381e-06
1.1039539980571541e-06
1.0683453684529975e-06
1.0342518536793087e-06
1.0015937199246888e-06
9.702962160897246e-07
9.402892142627041e-07
9.115068795394711e-07
8.838873665202506e-07
8.573725400829308e-07
8.319077182699277e-07
8.074414353377583e-07
7.839252232078233e-07
7.613134097262424e-07
7.395629322921951e-07
7.186331655500941e-07
6.984857619628348e-07
6.79084504192855e-07
6.603951683161926e-07
6.423853969833322e-07
6.250245817204565e-07
6.082837536367103e-07
5.921354818680585e-07
5.765537791470407e-07
5.615140139408129e-07
5.469928286479347e-07
5.329680633879052e-07
5.194186849569326e-07
5.063247205592635e-07
4.93667195955947e-07
4.814280777025045e-07
4.695902191738968e-07
4.5813731009970423e-07
4.4705382935477265e-07
4.3632500077095834e-07
4.25936751754203e-07
4.158756745081563e-07
4.0612898968109367e-07
3.9668451226707826e-07
3.8753061960532135e-07
3.7865622133360385e-07
3.7005073116254087e-07
3.6170404034748643e-07
3.5360649274406877e-07
3.457488613417906e-07
3.3812232617789066e-07
3.3071845354080045e-07
3.2352917637909993e-07
3.165467758379252e-07
3.0976386385035546e-07
3.0317336671644595e-07
2.967685096073152e-07
2.905428019360706e-07
2.8449002354140033e-07
2.7860421163339376e-07
2.728796484546075e-07
2.673108496125901e-07
2.6189255304303724e-07
2.5661970856548717e-07
2.514874679960083e-07
2.464911757836823e-07
2.416263601398706e-07
2.3688872463128045e-07
2.3227414020972542e-07
2.2777863765322762e-07
2.233984003947307e-07
2.1912975771620595e-07
2.1496917828733966e-07
2.1091326402929782e-07
2.069587442852844e-07
2.0310247028074407e-07
1.9934140985711906e-07
1.956726424640571e-07
1.9209335439588775e-07
1.8860083425904471e-07
1.8519246865791305e-07
1.818657380873314e-07
1.7861821302067837e-07
1.7544755018312845e-07
1.7235148900027487e-07
1.6932784821288982e-07
1.6637452264912975e-07
1.6348948014599495e-07
1.6067075861232427e-07
1.57916463226046e-07
1.5522476375882032e-07
1.5259389202159585e-07
1.5002213942496693e-07
1.4750785464856037e-07
1.4504944141399972e-07
1.4264535635629762e-07
1.4029410698880907e-07
1.3799424975714426e-07
1.3574438817769013e-07
1.335431710566247e-07
1.3138929078552941e-07
1.292814817099136e-07
1.272185185671599e-07
1.251992149905861e-07
1.2322242207649077e-07
1.2128702701121557e-07
1.1939195175541106e-07
1.1753615178283801e-07
1.1571861487117542e-07
1.1393835994243389e-07
1.1219443595069744e-07
1.1048592081503133e-07
1.0881192039550297e-07
1.0717156751036635e-07
1.0556402099255751e-07
1.0398846478374096e-07
1.0244410706423425e-07
1.0093017941721978e-07
9.944593602573159e-08
9.799065290097791e-08
9.65636271406309e-08
9.51641762157803e-08
9.379163728531117e-08
9.244536653652439e-08
9.112473855087572e-08
8.982914569376177e-08
8.855799752733203e-08
8.731072024535435e-08
8.60867561292061e-08
8.488556302410687e-08
8.370661383474942e-08
8.254939603952408e-08
8.141341122256949e-08
8.029817462291653e-08
7.920321470002669e-08
7.812807271505707e-08
7.707230232721431e-08
7.603546920458879e-08
7.501715064888717e-08
7.401693523350731e-08
7.303442245442437e-08
7.206922239338009e-08
7.112095539288964e-08
7.018925174260161e-08
6.927375137656698e-08
6.837410358099184e-08
6.748996671206745e-08
6.662100792348815e-08
6.576690290328479e-08
6.492733561961657e-08
6.410199807518008e-08
6.329059006990793e-08
6.249281897164379e-08
6.170839949449338e-08
6.093705348456343e-08
6.017850971281306e-08
5.943250367475267e-08
5.86987773967371e-08
5.797707924860951e-08
5.726716376246303e-08
5.656879145729604e-08
5.588172866934658e-08
5.520574738789968e-08
5.454062509636979e-08
5.388614461846857e-08
5.3242093969275373e-08
5.260826621103578e-08
5.198445931351954e-08
5.137047601877674e-08
5.076612371013671e-08
5.017121428530069e-08
4.958556403338478e-08
4.9008993515775474e-08
4.844132745066517e-08
4.788239460114046e-08
4.733202766670048e-08
4.67900631780877e-08
4.625634139531761e-08
4.573070620879844e-08
4.5213005043435804e-08
4.470308876562143e-08
4.4200811593008596e-08
4.3706031006980856e-08
4.321860766772382e-08
4.2738405331813334e-08
4.226529077223633e-08
4.179913370076408e-08
4.1339806692600057e-08
4.0887185113227933e-08
4.044114704738749e-08
4.000157323010922e-08
3.956834697974065e-08
3.9141354132899906e-08
3.872048298129443e-08
3.830562421034477e-08
3.789667083955574e-08
3.7493518164579187e-08
3.70960637009144e-08
3.670420712919455e-08
3.631785024200883e-08
3.593689689221202e-08
3.556125294267504e-08
3.5190826217431086e-08
3.482552645417422e-08
3.4465265258068353e-08
3.4109956056825937e-08
3.375951405701745e-08
3.341385620157376e-08
3.3072901128444856e-08
3.2736569130379654e-08
3.240478211579286e-08
3.2077463570685896e-08
3.175453852159003e-08
3.143593349950104e-08
3.112157650477553e-08
3.081139697296029e-08
3.050532574152676e-08
3.0203295017483826e-08
2.99052383458429e-08
2.9611090578910056e-08
2.932078784638107e-08
2.9034267526215678e-08
2.875146821626833e-08
2.8472329706653453e-08
2.8196792952823793e-08
2.7924800049341336e-08
2.7656294204320696e-08
2.7391219714525744e-08
2.712952194110068e-08
2.6871147285917457e-08
2.6616043168522005e-08
2.6364158003662227e-08
2.6115441179381333e-08
2.586984303566055e-08
2.5627314843595743e-08
2.5387808785093008e-08
2.5151277933068705e-08
2.4917676232139882e-08
2.468695847979149e-08
2.4459080308007136e-08
2.4233998165350648e-08
2.401166929948597e-08
2.3792051740123415e-08
2.357510428238059e-08
2.336078647054668e-08
2.3149058582239132e-08
2.2939881612942125e-08
2.2733217260916425e-08
2.252902791247075e-08
2.2327276627584797e-08
2.2127927125874596e-08
2.1930943772891056e-08
2.1736291566742734e-08
2.154393612503436e-08
2.135384367211262e-08
2.1165981026611227e-08
2.0980315589287255e-08
2.079681533114122e-08
2.0615448781813426e-08
2.043618501824937e-08
2.0258993653627212e-08
2.0083844826540533e-08
1.991070919042974e-08
1.973955790325575e-08
1.9570362617409683e-08
1.940309546985254e-08
1.9237729072478984e-08
1.907423650269948e-08
1.8912591294235285e-08
1.8752767428120866e-08
1.8594739323908517e-08
1.8438481831070046e-08
1.828397022059063e-08
1.8131180176749965e-08
1.7980087789086074e-08
1.7830669544537202e-08
1.768290231975734e-08
1.7536763373601134e-08
1.7392230339773954e-08
1.7249281219643033e-08
1.7107894375205767e-08
1.6968048522211266e-08
1.6829722723431468e-08
1.6692896382078086e-08
1.655754923536195e-08
1.6423661348191177e-08
1.6291213107004893e-08
1.61601852137392e-08
1.6030558679922192e-08
1.5902314820894986e-08
1.5775435250155667e-08
1.5649901873823262e-08
1.5525696885218905e-08
1.5402802759561346e-08
1.5281202248774154e-08
1.5160878376401947e-08
1.50418144326331e-08
1.4923993969426382e-08
1.4807400795739163e-08
1.4692018972854751e-08
1.4577832809806568e-08
1.4464826858896927e-08
1.43529859113082e-08
1.4242294992804236e-08
1.4132739359519976e-08
1.402430449383718e-08
1.3916976100344359e-08
1.3810740101878916e-08
1.3705582635649663e-08
1.3601490049437872e-08
1.349844889787506e-08
1.3396445938795794e-08
1.3295468129663792e-08
1.3195502624069688e-08
1.3096536768298843e-08
1.299855809796762e-08
1.2901554334726608e-08
1.280551338302928e-08
1.2710423326964649e-08
1.2616272427152473e-08
1.2523049117699653e-08
1.2430742003216448e-08
1.2339339855891192e-08
1.2248831612622239e-08
1.2159206372205854e-08
1.2070453392578862e-08
1.1982562088114812e-08
1.1895522026972538e-08
1.180932292849594e-08
1.1723954660663896e-08
1.163940723758921e-08
1.1555670817065549e-08
1.1472735698161313e-08
1.1390592318859465e-08
1.1309231253742301e-08
1.122864321172022e-08
1.1148819033803548e-08
1.1069749690916504e-08
1.0991426281752415e-08
1.0913840030669294e-08
1.0836982285624948e-08
1.0760844516150762e-08
1.0685418311363364e-08
1.061069537801336e-08
1.0536667538570383e-08
1.0463326729343677e-08
1.0390664998637482e-08
1.031867450494051e-08
1.024734751514879e-08
1.0176676402821186e-08
1.0106653646466943e-08
1.0037271827864566e-08
9.968523630411406e-09
9.900401837503337e-09
9.832899330943868e-09
9.766009089382133e-09
9.699724186779156e-09
9.634037790901788e-09
9.568943161843809e-09
9.504433650573599e-09
9.440502697507864e-09
9.377143831110896e-09
9.314350666518827e-09
9.252116904188414e-09
9.190436328569839e-09
9.129302806803047e-09
9.068710287437162e-09
9.008652799172512e-09
8.949124449624838e-09
8.890119424111205e-09
8.831631984457233e-09
8.773656467825201e-09
8.71618728556262e-09
8.659218922070873e-09
8.602745933693534e-09
8.54676294762398e-09
8.491264660831912e-09
8.43624583900843e-09
8.381701315529293e-09
8.327625990436019e-09
8.27401482943447e-09
8.220862862910598e-09
8.168165184963018e-09
8.115916952452072e-09
8.064113384065087e-09
8.01274975939751e-09
7.961821418049617e-09
7.911323758738492e-09
7.861252238425e-09
7.811602371455474e-09
7.762369728717797e-09
7.713549936811672e-09
7.665138677232756e-09
7.617131685570428e-09
7.569524750718933e-09
7.522313714101633e-09
7.475494468908137e-09
7.429062959344084e-09
7.383015179893299e-09
7.337347174592137e-09
7.2920550363157685e-09
7.247134906076189e-09
7.2025829723317295e-09
7.1583954703078786e-09
7.114568681329176e-09
7.071098932162005e-09
7.027982594368062e-09
6.9852160836683226e-09
6.942795859317308e-09
6.90071842348746e-09
6.8589803206634464e-09
6.817578137046224e-09
6.776508499966661e-09
6.735768077308571e-09
6.695353576940973e-09
6.655261746159422e-09
6.615489371136235e-09
6.5760332763794725e-09
6.536890324200489e-09
6.498057414189942e-09
6.459531482702066e-09
6.421309502347092e-09
6.3833884814916615e-09
6.345765463767089e-09
6.308437527585339e-09
6.271401785662586e-09
6.234655384550206e-09
6.198195504173098e-09
6.162019357375176e-09
6.126124189471934e-09
6.0905072778099394e-09
6.055165931333146e-09
6.0200974901559055e-09
5.985299325142557e-09
5.950768837493491e-09
5.91650345833756e-09
5.882500648330748e-09
5.848757897260962e-09
5.81527272365888e-09
5.782042674414701e-09
5.749065324400753e-09
5.716338276099805e-09
5.683859159239026e-09
5.6516256304294755e-09
5.619635372811033e-09
5.587886095702679e-09
5.556375534258035e-09
5.5251014491260745e-09
5.494061626116914e-09
5.463253875872607e-09
5.43267603354284e-09
5.402325958465478e-09
5.372201533851841e-09
5.342300666476667e-09
5.312621286372655e-09
5.283161346529542e-09
5.253918822597597e-09
5.22489171259551e-09
5.196078036622558e-09
5.167475836575007e-09
5.139083175866657e-09
5.110898139153492e-09
5.0829188320623276e-09
5.0551433809234365e-09
5.027569932507042e-09
5.000196653763653e-09
4.973021731568149e-09
4.946043372467581e-09
4.919259802432602e-09
4.892669266612488e-09
4.866270029093682e-09
4.840060372661804e-09
4.814038598567074e-09
4.788203026293096e-09
4.762551993328938e-09
4.737083854944468e-09
4.711796983968885e-09
4.686689770572398e-09
4.661760622051002e-09
4.6370079626143e-09
4.612430233176326e-09
4.588025891149319e-09
4.563793410240398e-09
4.539731280251103e-09
4.51583800687974e-09
4.492112111526503e-09
4.468552131101321e-09
4.44515661783438e-09
4.421924139089298e-09
4.398853277178886e-09
4.375942629183478e-09
4.3531908067717776e-09
4.330596436024182e-09
4.308158157258544e-09
4.285874624858349e-09
4.263744507103242e-09
4.241766486001899e-09
4.219939257127181e-09
4.198261529453553e-09
4.17673202519672e-09
4.155349479655461e-09
4.134112641055607e-09
4.113020270396154e-09
4.092071141297457e-09
4.071264039851485e-09
4.0505977644741074e-09
4.0300711257593695e-09
4.009682946335737e-09
3.989432060724279e-09
3.969317315198754e-09
3.949337567647576e-09
3.92949168743763e-09
3.9097785552799076e-09
3.890197063096941e-09
3.870746113892001e-09
3.851424621620036e-09
3.832231511060329e-09
3.813165717690845e-09
3.794226187564231e-09
3.775411877185478e-09
3.756721753391174e-09
3.738154793230363e-09
3.719709983846967e-09
3.701386322363757e-09
3.6831828157678365e-09
3.6650984807976337e-09
3.6471323438313654e-09
3.6292834407769597e-09
3.6115508169634087e-09
3.5939335270335413e-09
3.576430634838181e-09
3.5590412133316816e-09
3.5417643444688113e-09
3.524599119102974e-09
3.5075446368857387e-09
3.490600006167667e-09
3.4737643439004135e-09
3.457036775540087e-09
3.4404164349518456e-09
3.423902464315718e-09
3.407494014033624e-09
3.391190242637585e-09
3.374990316699101e-09
3.358893410739682e-09
3.3428987071425153e-09
3.3270053960652506e-09
3.3112126753538925e-09
3.2955197504577784e-09
3.2799258343456307e-09
3.2644301474226666e-09
3.2490319174487493e-09
3.2337303794575687e-09
3.2185247756768344e-09
3.203414355449468e-09
3.1883983751557814e-09
3.173476098136626e-09
3.1586467946174976e-09
3.143909741633588e-09
3.129264222955768e-09
3.1147095290174853e-09
3.1002449568425708e-09
3.0858698099739364e-09
3.0715833984031515e-09
3.057385038500892e-09
3.04327405294824e-09
3.029249770668831e-09
3.015311526761833e-09
3.001458662435746e-09
2.9876905249430133e-09
2.974006467515427e-09
2.9604058493003272e-09
2.9468880352975737e-09
2.933452396297285e-09
2.920098308818335e-09
2.9068251550475906e-09
2.8936323227798915e-09
2.8805192053587494e-09
2.8674852016177656e-09
2.854529715822752e-09
2.841652157614553e-09
2.82885194195255e-09
2.8161284890588438e-09
2.803481224363108e-09
2.7909095784480996e-09
2.778412986995821e-09
2.7659908907343245e-09
2.7536427353851493e-09
2.741367971611382e-09
2.729166054966337e-09
2.7170364458428418e-09
2.704978609423125e-09
2.692992015629295e-09
2.6810761390744012e-09
2.6692304590140775e-09
2.6574544592987495e-09
2.6457476283264034e-09
2.6341094589959125e-09
2.622539448660907e-09
2.6110370990841837e-09
2.5996019163926524e-09
2.5882334110327995e-09
2.576931097726678e-09
2.5656944954284067e-09
2.554523127281171e-09
2.5434165205747285e-09
2.5323742067034015e-09
2.521395721124557e-09
2.5104806033175666e-09
2.4996283967432384e-09
2.4888386488037176e-09
2.4781109108028437e-09
2.4674447379069687e-09
2.4568396891062206e-09
2.4462953271762103e-09
2.4358112186401773e-09
2.4253869337315675e-09
2.4150220463570362e-09
2.404716134059873e-09
2.3944687779838426e-09
2.384279562837435e-09
2.3741480768585217e-09
2.3640739117794106e-09
2.3540566627922983e-09
2.3440959285151083e-09
2.334191310957719e-09
2.3243424154885647e-09
2.314548850801622e-09
2.3048102288837558e-09
2.295126164982439e-09
2.285496277573829e-09
2.2759201883312028e-09
2.2663975220937456e-09
2.2569279068356826e-09
2.2475109736357593e-09
2.2381463566470582e-09
2.2288336930671503e-09
2.2195726231085784e-09
2.2103627899696673e-09
2.2012038398056547e-09
2.1920954217001417e-09
2.1830371876368596e-09
2.1740287924717443e-09
2.1650698939053186e-09
2.156160152455379e-09
2.1472992314299818e-09
2.138486796900721e-09
2.129722517676303e-09
2.1210060652764082e-09
2.1123371139058363e-09
2.1037153404289334e-09
2.0951404243442976e-09
2.0866120477597607e-09
2.078129895367637e-09
2.0696936544202435e-09
2.061303014705685e-09
2.052957668523897e-09
2.044657310662951e-09
2.0364016383756116e-09
2.0281903513561497e-09
2.0200231517174e-09
2.0118997439680666e-09
2.003819834990274e-09
1.9957831340173544e-09
1.9877893526118733e-09
1.9798382046438924e-09
1.9719294062694583e-09
1.9640626759093266e-09
1.9562377342279078e-09
1.9484543041124363e-09
1.940712110652363e-09
1.933010881118965e-09
1.9253503449451682e-09
1.9177302337055865e-09
1.910150281096769e-09
1.902610222917657e-09
1.8951097970502434e-09
1.8876487434404393e-09
1.8802268040791374e-09
1.872843722983476e-09
1.8654992461782978e-09
1.8581931216778033e-09
1.8509250994673954e-09
1.8436949314857112e-09
1.8365023716068439e-09
1.8293471756227467e-09
1.822229101225821e-09
1.8151479079916841e-09
1.808103357362116e-09
1.8010952126281806e-09
1.794123238913525e-09
1.7871872031578454e-09
1.7802868741005295e-09
1.7734220222644615e-09
1.766592419939997e-09
1.7597978411691006e-09
1.7530380617296475e-09
1.7463128591198834e-09
1.7396220125430449e-09
1.7329653028921371e-09
1.7263425127348645e-09
1.7197534262987172e-09
1.7131978294562078e-09
1.706675509710258e-09
1.700186256179734e-09
1.6937298595851273e-09
1.6873061122343824e-09
1.6809148080088653e-09
1.6745557423494743e-09
1.668228712242892e-09
1.661933516207974e-09
1.6556699542822753e-09
1.649437828008711e-09
1.643236940422353e-09
1.6370670960373554e-09
1.6309281008340138e-09
1.6248197622459525e-09
1.618741889147439e-09
1.612694291840826e-09
1.6066767820441178e-09
1.60068917287866e-09
1.5947312788569525e-09
1.5888029158705811e-09
1.5829039011782716e-09
1.577034053394059e-09
1.5711931924755766e-09
1.5653811397124567e-09
1.5595977177148503e-09
1.553842750402056e-09
1.548116062991262e-09
1.542417481986399e-09
1.536746835167102e-09
1.5311039515777798e-09
1.525488661516792e-09
1.5199007965257318e-09
1.5143401893788124e-09
1.5088066740723577e-09
1.5033000858143957e-09
1.4978202610143516e-09
1.4923670372728417e-09
1.4869402533715672e-09
1.4815397492633044e-09
1.4761653660619926e-09
1.4708169460329168e-09
1.465494332582987e-09
1.4601973702511095e-09
1.4549259046986512e-09
1.4496797826999965e-09
1.4444588521331936e-09
1.439262961970691e-09
1.4340919622701641e-09
1.428945704165427e-09
1.423824039857433e-09
1.4187268226053617e-09
1.4136539067177877e-09
1.4086051475439377e-09
1.4035804014650276e-09
1.3985795258856834e-09
1.3936023792254435e-09
1.3886488209103403e-09
1.383718711364563e-09
1.3788119120021989e-09
1.3739282852190518e-09
1.3690676943845386e-09
1.3642300038336618e-09
1.3594150788590576e-09
1.3546227857031185e-09
1.3498529915501912e-09
1.3451055645188453e-09
1.3403803736542164e-09
1.3356772889204205e-09
1.330996181193038e-09
1.32633692225167e-09
1.321699384772562e-09
1.317083442321298e-09
1.3124889693455604e-09
1.3079158411679596e-09
1.303363933978929e-09
1.2988331248296853e-09
1.2943232916252547e-09
1.2898343131175638e-09
1.285366068898594e-09
1.2809184393935987e-09
1.2764913058543834e-09
1.2720845503526482e-09
1.2676980557733903e-09
1.263331705808368e-09
1.2589853849496243e-09
1.2546589784830708e-09
1.2503523724821276e-09
1.2460654538014258e-09
1.2417981100705627e-09
1.237550229687917e-09
1.2333217018145207e-09
1.2291124163679835e-09
1.2249222640164763e-09
1.2207511361727667e-09
1.2165989249883105e-09
1.2124655233473945e-09
1.2083508248613343e-09
1.2042547238627236e-09
1.2001771153997356e-09
1.1961178952304761e-09
1.1920769598173868e-09
1.1880542063216999e-09
1.1840495325979407e-09
1.180062837188483e-09
1.1760940193181494e-09
1.172142978888862e-09
1.1682096164743418e-09
1.1642938333148533e-09
1.1603955313119978e-09
1.1565146130235518e-09
1.152650981658353e-09
1.1488045410712299e-09
1.1449751957579784e-09
1.1411628508503809e-09
1.1373674121112718e-09
1.1335887859296452e-09
1.1298268793158058e-09
1.126081599896564e-09
1.1223528559104727e-09
1.1186405562031047e-09
1.114944610222375e-09
1.1112649280139007e-09
1.1076014202164038e-09
1.103953998057154e-09
1.1003225733474521e-09
1.0967070584781502e-09
1.0931073664152152e-09
1.0895234106953275e-09
1.0859551054215212e-09
1.0824023652588591e-09
1.0788651054301484e-09
1.0753432417116918e-09
1.071836690429076e-09
1.0683453684529975e-09
1.0648691931951234e-09
1.061408082603989e-09
1.0579619551609307e-09
1.0545307298760538e-09
1.0511143262842354e-09
1.0477126644411616e-09
1.0443256649193998e-09
1.0409532488045023e-09
1.0375953376911471e-09
1.0342518536793087e-09
1.030922719370463e-09
1.0276078578638248e-09
1.0243071927526183e-09
1.0210206481203773e-09
1.0177481485372791e-09
1.014489619056509e-09
1.0112449852106553e-09
1.0080141730081359e-09
1.0047971089296548e-09
1.0015937199246888e-09
9.98403933408004e-10
9.95227677256202e-10
9.920648798042953e-10
9.889154698423115e-10
9.857793766119261e-10
9.82656529803125e-10
9.795468595508937e-10
9.764502964319343e-10
9.733667714614114e-10
9.702962160897247e-10
9.672385621993087e-10
9.64193742101459e-10
9.611616885331862e-10
9.581423346540945e-10
9.551356140432884e-10
9.521414606963036e-10
9.491598090220645e-10
9.461905938398667e-10
9.432337503763846e-10
9.402892142627041e-10
9.373569215313798e-10
9.34436808613517e-10
9.315288123358779e-10
9.286328699180105e-10
9.257489189694034e-10
9.228768974866623e-10
9.200167438507116e-10
9.171683968240171e-10
9.14331795547833e-10
9.115068795394711e-10
9.08693588689593e-10
9.058918632595236e-10
9.031016438785873e-10
9.003228715414662e-10
8.975554876055795e-10
8.947994337884848e-10
8.920546521653e-10
8.89321085166147e-10
8.865986755736162e-10
8.838873665202506e-10
8.811871014860523e-10
8.784978242960077e-10
8.758194791176329e-10
8.731520104585403e-10
8.704953631640237e-10
8.678494824146635e-10
8.65214313723951e-10
8.625898029359325e-10
8.599758962228714e-10
8.573725400829308e-10
8.547796813378729e-10
8.52197267130778e-10
8.496252449237823e-10
8.470635624958326e-10
8.4451216794046e-10
8.419710096635714e-10
8.394400363812577e-10
8.369191971176216e-10
8.344084412026204e-10
8.319077182699277e-10
