0.9239384032057179
0.057746150200357366
0.011406646953157011
0.0036091343875223354
0.0014783014451291486
0.0007129154345723132
0.00038481399550425565
0.00022557089922014596
0.0001408228018908273
9.239384032057179e-05
6.310623613180233e-05
4.4557214660769575e-05
3.234965173508343e-05
2.4050874719015978e-05
1.8250635125051218e-05
1.4098181201259122e-05
1.1062348429804694e-05
8.801425118176705e-06
7.08971235031743e-06
5.774615020035737e-06
4.7507900679537735e-06
3.944139758237646e-06
3.301654879755711e-06
2.7848259162980984e-06
2.3652823122066377e-06
2.021853233442714e-06
1.7385531097633e-06
1.5031796699384986e-06
1.3063243650058715e-06
1.1406646953157011e-06
1.0004519693712627e-06
8.811363250786952e-07
7.790893349605225e-07
6.913967768627934e-07
6.15702392806809e-07
5.500890698860441e-07
4.929877439588796e-07
4.431070218948394e-07
3.9937841648251146e-07
3.6091343875223355e-07
3.269697625544828e-07
2.9692437924711084e-07
2.702521741410857e-07
2.4650873488985286e-07
2.2531648302532367e-07
2.0635342998473193e-07
1.8934401720229618e-07
1.7405161976863115e-07
1.6027238463317604e-07
1.4783014451291486e-07
1.3657220283709498e-07
1.2636582709016964e-07
1.170953207042407e-07
1.0865956936020625e-07
1.0096997781088372e-07
9.394872937115617e-08
8.752731296688186e-08
8.164527281286697e-08
7.624914395186525e-08
7.129154345723132e-08
6.673039241211263e-08
6.252824808570392e-08
5.8651729233997204e-08
5.507102031741845e-08
5.1759442776133486e-08
4.8693083435032655e-08
4.585047170357013e-08
4.3212298553924587e-08
4.0761171355008775e-08
3.8481399550425564e-08
3.635880692842468e-08
3.4380566867877756e-08
3.2535057477881035e-08
3.0811733997429976e-08
2.9201016200081947e-08
2.769418886842746e-08
2.6283313674220043e-08
2.4961151030156966e-08
2.3721090675157207e-08
2.2557089922014597e-08
2.1463618639053086e-08
2.0435610159655175e-08
1.9468417418427377e-08
1.8557773702944428e-08
1.769975748768751e-08
1.6890760883817856e-08
1.6127461296368786e-08
1.5406795930615804e-08
1.4725938832910316e-08
1.408228018908273e-08
1.3473407636436247e-08
1.2897089374045746e-08
1.2351258881126699e-08
1.1834001075143511e-08
1.1343539760507889e-08
1.0878226235539447e-08
1.0436528940133579e-08
1.0017024039573502e-08
9.618386851364476e-09
9.239384032057179e-09
8.87886644993534e-09
8.535762677318436e-09
8.209073043201838e-09
7.897864193135602e-09
7.601264108726039e-09
7.318457544015044e-09
7.04868184032478e-09
6.79122308501289e-09
6.545412583022513e-09
6.310623613180232e-09
6.086268443936786e-09
5.87179558569726e-09
5.666687259082457e-09
5.470457060430116e-09
5.282647807609137e-09
5.1028295508041855e-09
4.930597734351994e-09
4.765571496991578e-09
4.607392099044021e-09
4.4557214660769575e-09
4.310240839546638e-09
4.170649525757039e-09
4.036663735240528e-09
3.908015505356495e-09
3.784451699530621e-09
3.6657330771248252e-09
3.551633428442287e-09
3.441938769838653e-09
3.336446594334391e-09
3.234965173508343e-09
3.1373129068028437e-09
3.043317714689541e-09
2.9528164724354145e-09
2.865654481473133e-09
2.78168497562128e-09
2.7007686596202867e-09
2.6227732776511662e-09
2.5475732096880484e-09
2.4750490937037536e-09
2.4050874719015978e-09
2.3375804592876073e-09
2.2724254330265425e-09
2.2095247411435988e-09
2.1487854292423597e-09
2.0901189840093947e-09
2.0334410923675647e-09
1.9786714152243954e-09
1.9257333748393735e-09
1.874553954905377e-09
1.8250635125051217e-09
1.7771956011640297e-09
1.7308868042767163e-09
1.6860765782357407e-09
1.6427071046387527e-09
1.6007231509940203e-09
1.5600719393848104e-09
1.5207030225905534e-09
1.4825681671973254e-09
1.445621243262231e-09
1.4098181201259123e-09
1.3751165679948817e-09
1.3414761649408179e-09
1.3088582089875647e-09
1.2772256349784485e-09
1.246542935936836e-09
1.216776088651711e-09
1.1878924832375465e-09
1.1598608564340267e-09
1.1326512284262956e-09
1.1062348429804693e-09
1.0805841107022452e-09
1.055672555238616e-09
1.0314747622540484e-09
1.007966331023049e-09
9.851238284908945e-10
9.629247456634877e-10
9.413474561958672e-10
9.203711770568948e-10
8.999759311551041e-10
8.801425118176706e-10
8.608524490209679e-10
8.420879772772655e-10
8.238320050878102e-10
8.060680858778591e-10
7.887803903342075e-10
7.719536800704187e-10
7.555732825493268e-10
7.396250671964694e-10
7.240954226419408e-10
7.089712350317431e-10
6.942398673530827e-10
6.798891397212154e-10
6.659073105784054e-10
6.522830587583487e-10
6.390054663720183e-10
6.260640024733439e-10
6.13448507465442e-10
6.011491782102798e-10
5.891565538066906e-10
5.774615020035737e-10
5.660552062169152e-10
5.549291531209588e-10
5.440751207854526e-10
5.334851673324023e-10
5.231516200871725e-10
5.130670652001149e-10
5.032243377161577e-10
4.936165120709751e-10
4.842368929934725e-10
4.750790067953774e-10
4.661365930297224e-10
4.5740359650094024e-10
4.4887415961018126e-10
4.4054261502029873e-10
4.324034786257371e-10
4.2445144281330565e-10
4.166813700005259e-10
4.090882864389071e-10
4.0166737627013625e-10
3.944139758237645e-10
3.873235681455374e-10
3.8039177774604914e-10
3.7361436555990814e-10
3.6698722410607877e-10
3.6050637284051784e-10
3.5416795369265357e-10
3.479682267776621e-10
3.4190356627688225e-10
3.3597045647907363e-10
3.3016548797557107e-10
3.244853540027166e-10
3.189268469252616e-10
3.134868548547283e-10
3.081623583969996e-10
3.0295042752367387e-10
2.9784821856197364e-10
2.928529712982371e-10
2.879620061902513e-10
2.8317272168390024e-10
2.7848259162980985e-10
2.738891627958653e-10
2.693900524716649e-10
2.649829461611492e-10
2.6066559535981495e-10
2.5643581541308166e-10
2.52291483452533e-10
2.482305364068986e-10
2.4425096908478094e-10
2.4035083232626394e-10
2.365282312206638e-10
2.327813233878029e-10
2.2910831732030158e-10
2.255074707844895e-10
2.2197708927764293e-10
2.18515524539352e-10
2.151211731149158e-10
2.1179247496875288e-10
2.0852791214589945e-10
2.0532600747974995e-10
2.0218532334427143e-10
1.9910446044899734e-10
1.9608205667517773e-10
1.9311678595152967e-10
1.902073571680963e-10
1.8735251312678513e-10
1.845510295272134e-10
1.8180171398654712e-10
1.7910340509207081e-10
1.7645497148527936e-10
1.7385531097633e-10
1.713033496877411e-10
1.6879804122626792e-10
1.6633836588192898e-10
1.639233298531979e-10
1.6155196449741394e-10
1.5922332560550303e-10
1.5693649270013577e-10
1.546905683564846e-10
1.5248467754477407e-10
1.5031796699384986e-10
1.4818960457502333e-10
1.4609877870547546e-10
1.440446977705335e-10
1.420265895641589e-10
1.4004370074701097e-10
1.3809529632147492e-10
1.3618065912306655e-10
1.3429908932764748e-10
1.324499039739071e-10
1.3063243650058717e-10
1.2884603629794543e-10
1.270900682729728e-10
1.2536391242789723e-10
1.2366696345152471e-10
1.219986303229844e-10
1.2035833592746084e-10
1.1874551668351206e-10
1.1715962218158606e-10
1.1560011483336405e-10
1.140664695315701e-10
1.125581733199024e-10
1.1107472507275186e-10
1.0961563518438691e-10
1.0818042526729477e-10
1.067686278593802e-10
1.0537978613973379e-10
1.0401345365269218e-10
1.0266919403992204e-10
1.0134658078026959e-10
1.0004519693712627e-10
9.876463491307009e-11
9.750449621155065e-11
9.626439120539379e-11
9.504393891190959e-11
9.384276677439553e-11
9.266051044983284e-11
9.149681360258198e-11
9.035132770388943e-11
8.922371183702422e-11
8.811363250786952e-11
8.702076346079975e-11
8.59447854996801e-11
8.488538631383041e-11
8.384226030880112e-11
8.281510844181358e-11
8.180363806172279e-11
8.080756275336436e-11
7.982660218615303e-11
7.88604819668039e-11
7.790893349605226e-11
7.697169382925127e-11
7.604850554073194e-11
7.513911659181216e-11
7.424328020234665e-11
7.336075472571222e-11
7.249130352712667e-11
7.163469486520304e-11
7.079070177664348e-11
6.995910196398095e-11
6.913967768627933e-11
6.83322156527056e-11
6.753650691889033e-11
6.675234678599584e-11
6.59795347024135e-11
6.521787416801404e-11
6.446717264087803e-11
6.372724144643469e-11
6.299789568894057e-11
6.227895416523118e-11
6.15702392806809e-11
6.087157696730856e-11
6.018279660396798e-11
5.950373093856467e-11
5.88342160122417e-11
5.817409108547949e-11
5.7523198566055923e-11
5.688138393881507e-11
5.6248495697194003e-11
5.56243852764591e-11
5.500890698860441e-11
5.440191795886642e-11
5.380327806381049e-11
5.321284987094615e-11
5.263049857982909e-11
5.205609196460966e-11
5.1489500317988135e-11
5.093059639653888e-11
5.0379255367366195e-11
4.983535475605591e-11
4.9298774395887966e-11
4.876939637827601e-11
4.824710500440117e-11
4.7731786738008193e-11
4.722333015933293e-11
4.6721625920131114e-11
4.622656669977934e-11
4.573804716241979e-11
4.52559639151213e-11
4.4780215467030065e-11
4.431070218948394e-11
4.384732627706527e-11
4.338999170956767e-11
4.293860421485309e-11
4.2493071232575965e-11
4.205330187875207e-11
4.1619206911150335e-11
4.119069869548631e-11
4.076769117239679e-11
4.035009982517563e-11
3.9937841648251146e-11
3.953083511638643e-11
3.9129000154583994e-11
3.8732258108677086e-11
3.834053171659012e-11
3.795374508025153e-11
3.7571823638142486e-11
3.719469413846561e-11
3.682228461291816e-11
3.6454524351054504e-11
3.6091343875223354e-11
3.573267491606536e-11
3.53784503885572e-11
3.502860436858873e-11
3.468307207005992e-11
3.4341789822484934e-11
3.4004695049090786e-11
3.3671726245398515e-11
3.334282295827514e-11
3.301792576544485e-11
3.269697625544828e-11
3.237991700803909e-11
3.206669157500718e-11
3.1757244461418265e-11
3.1451521107259855e-11
3.1149467869483805e-11
3.0851032004435947e-11
3.0556161650663627e-11
3.026480581209203e-11
2.997691434156062e-11
2.969243792471109e-11
2.941132806421851e-11
2.913353706435765e-11
2.8859018015896385e-11
2.8587724781308765e-11
2.8319611980300016e-11
2.805463497563633e-11
2.779274985927223e-11
2.753391343876867e-11
2.7278083223995046e-11
2.7025217414108568e-11
2.6775274884804582e-11
2.6528215175831603e-11
2.6283998478764913e-11
2.6042585625032868e-11
2.5803938074190055e-11
2.5568017902431693e-11
2.5334787791343764e-11
2.5104211016883516e-11
2.4876251438585106e-11
2.4650873488985283e-11
2.442804216326414e-11
2.420772300909609e-11
2.39898821167063e-11
2.377448610912807e-11
2.3561502132656507e-11
2.335089784749426e-11
2.3142641418584903e-11
2.2936701506629923e-11
2.273304725928509e-11
2.2531648302532365e-11
2.2332474732223398e-11
2.2135497105790848e-11
2.1940686434123823e-11
2.174801417360388e-11
2.1557452218297995e-11
2.136897289230514e-11
2.1182548942253073e-11
2.0998153529942102e-11
2.08157602251326e-11
2.0635342998473192e-11
2.0456876214566543e-11
2.0280334625169787e-11
2.0105693362526713e-11
1.993292793282885e-11
1.9762014209802718e-11
1.9592928428420518e-11
1.9425647178731654e-11
1.9260147399812477e-11
1.9096406373831793e-11
1.8934401720229617e-11
1.8774111390006833e-11
1.8615513660123352e-11
1.8458587128002573e-11
1.8303310706139818e-11
1.8149663616812623e-11
1.7997625386890708e-11
1.7847175842743592e-11
1.7698295105243765e-11
1.755096358486347e-11
1.7405161976863115e-11
1.7260871256569437e-11
1.711807267474158e-11
1.697674775302323e-11
1.6836878279479056e-11
1.669844630421373e-11
1.6561434135071824e-11
1.6425824333416945e-11
1.6291599709988434e-11
1.6158743320834134e-11
1.6027238463317604e-11
1.5897068672198313e-11
1.5768217715783313e-11
1.564066959214894e-11
1.5514408525431163e-11
1.5389418962183162e-11
1.526568556779881e-11
1.51431932230007e-11
1.5021927020391496e-11
1.4901872261067242e-11
1.4783014451291487e-11
1.4665339299228968e-11
1.454883271173768e-11
1.4433480791218151e-11
1.4319269832518849e-11
1.4206186319896543e-11
1.4094216924030593e-11
1.398334849909007e-11
1.3873568079852683e-11
1.3764862878874506e-11
1.36572202837095e-11
1.3550627854177858e-11
1.3445073319682238e-11
1.3340544576570929e-11
1.3237029685547055e-11
1.313451686912294e-11
1.3032994509118715e-11
1.2932451144204371e-11
1.2832875467484372e-11
1.2734256324124054e-11
1.2636582709016964e-11
1.2539843764492398e-11
1.2444028778062334e-11
1.2349127180207043e-11
1.2255128542198608e-11
1.216202257396166e-11
1.2069799121970604e-11
1.1978448167182657e-11
1.188795982300602e-11
1.179832433330252e-11
1.170953207042407e-11
1.1621573533282313e-11
1.1534439345450838e-11
1.1448120253299352e-11
1.1362607124159195e-11
1.1277890944519648e-11
1.1193962818254426e-11
1.1110813964877828e-11
1.102843571782996e-11
1.0946819522790522e-11
1.0865956936020624e-11
1.0785839622732098e-11
1.0706459355483819e-11
1.0627808012604542e-11
1.0549877576641745e-11
1.0472660132836021e-11
1.0396147867620561e-11
1.0320333067145236e-11
1.0245208115824868e-11
1.0170765494911236e-11
1.0096997781088371e-11
1.002389764509075e-11
9.951457850343939e-12
9.879671251627324e-12
9.808530793758486e-12
9.738029510298857e-12
9.668160522280288e-12
9.598917036952112e-12
9.53029234654838e-12
9.462279827074881e-12
9.394872937115616e-12
9.328065216658356e-12
9.261850285938958e-12
9.19622184430412e-12
9.131173669092216e-12
9.06669961453193e-12
9.002793610658343e-12
8.939449662246182e-12
8.876661847759932e-12
8.814424318320504e-12
8.752731296688186e-12
8.691577076261566e-12
8.630956020092183e-12
8.570862559914601e-12
8.51129119519166e-12
8.45223649217462e-12
8.393693082977968e-12
8.335655664668607e-12
8.278118998369193e-12
8.221077908375375e-12
8.164527281286698e-12
8.108462065150928e-12
8.05287726862159e-12
7.997767960128454e-12
7.9431292670608e-12
7.88895637496319e-12
7.835244526743577e-12
7.781989021893518e-12
7.729185215720295e-12
7.676828518590732e-12
7.624914395186525e-12
7.573438363770889e-12
7.522395995466303e-12
7.471782913543221e-12
7.421594792719504e-12
7.371827358470434e-12
7.322476386349129e-12
7.273537701317167e-12
7.225007177085253e-12
7.1768807354637875e-12
7.1291543457231316e-12
7.081824023963443e-12
7.0348858324939e-12
6.988335879221175e-12
6.942170317046991e-12
6.896385343274621e-12
6.850977199024182e-12
6.805942168656574e-12
6.761276579205923e-12
6.716976799820402e-12
6.673039241211262e-12
6.629460355109982e-12
6.586236633733362e-12
6.543364609256466e-12
6.500840853293261e-12
6.458661976384845e-12
6.416824627495128e-12
6.375325493513855e-12
6.3341612987668495e-12
6.29332880453336e-12
6.252824808570392e-12
6.212646144643923e-12
6.1727896820668804e-12
6.133252325243781e-12
6.094031013221916e-12
6.055122719248992e-12
6.016524450337112e-12
5.978233246832993e-12
5.940246181994349e-12
5.902560361572295e-12
5.865172923399721e-12
5.828081036985514e-12
5.7912819031145525e-12
5.754772753453363e-12
5.718550850161374e-12
5.682613485507659e-12
5.6469579814930896e-12
5.611581689477821e-12
5.576481989814014e-12
5.541656291483719e-12
5.507102031741845e-12
5.472816675764119e-12
5.438797716299984e-12
5.40504267333033e-12
5.3715490937300065e-12
5.338314550935026e-12
5.305336644614401e-12
5.272613000346531e-12
5.24014126930007e-12
5.207919127919216e-12
5.175944277613349e-12
5.1442144444509365e-12
5.1127273788576746e-12
5.081480855318762e-12
5.050472672085273e-12
5.01970065088455e-12
4.989162636634564e-12
4.958856497162176e-12
4.928780122925244e-12
4.89893142673852e-12
4.869308343503266e-12
4.83990882994056e-12
4.8107308643282046e-12
4.781772446241202e-12
4.753031596295746e-12
4.724506355896663e-12
4.69619478698826e-12
4.668094971808533e-12
4.640205012646666e-12
4.612523031603804e-12
4.5850471703570135e-12
4.557775589926414e-12
4.530706470445417e-12
4.503838010934032e-12
4.47716842907519e-12
4.450695960994048e-12
4.424418861040217e-12
4.398335401572891e-12
4.372443872748809e-12
4.346742582313028e-12
4.321229855392458e-12
4.295904034292124e-12
4.2707634782941e-12
4.245806563459095e-12
4.2210316824306454e-12
4.196437244241866e-12
4.17202167412474e-12
4.147783413321897e-12
4.123720918900844e-12
4.099832663570628e-12
4.0761171355008775e-12
4.052572838143197e-12
4.029198290054877e-12
4.005992024724896e-12
3.982952590402168e-12
3.960078549926006e-12
3.9373684805587855e-12
3.914820973820749e-12
3.892434635326949e-12
3.870208084626276e-12
3.848139955042557e-12
3.826228893517691e-12
3.804473560456785e-12
3.782872629575277e-12
3.761424787747999e-12
3.740128734860171e-12
3.718983183660292e-12
3.697986859614885e-12
3.677138500765106e-12
3.6564368575851524e-12
3.635880692842468e-12
3.6154687814597174e-12
3.5951999103784952e-12
3.5750728784247576e-12
3.555086496175942e-12
3.535239585829758e-12
3.5155309810746252e-12
3.4959595269617316e-12
3.4765240797786936e-12
3.4572235069247935e-12
3.4380566867877758e-12
3.4190225086221728e-12
3.400119872429151e-12
3.381347688837843e-12
3.3627048789881558e-12
3.3441903744150314e-12
3.3258031169341344e-12
3.3075420585289577e-12
3.2894061612393182e-12
3.2713943970512247e-12
3.2535057477881036e-12
3.2357392050033607e-12
3.2180937698742584e-12
3.200568453097098e-12
3.18316227478368e-12
3.165874264359033e-12
3.148703460460387e-12
3.1316489108373836e-12
3.114709672253494e-12
3.097884810388641e-12
3.081173399742998e-12
3.064574523541958e-12
3.0480872736422507e-12
3.031710750439195e-12
3.015444062775073e-12
2.9992863278486034e-12
2.983236671125512e-12
2.967294226250172e-12
2.951458134958308e-12
2.9357275469907455e-12
2.9201016200081946e-12
2.904579519507052e-12
2.8891604187362088e-12
2.8738434986148503e-12
2.8586279476512367e-12
2.8435129618624473e-12
2.8284977446950813e-12
2.8135815069468965e-12
2.798763466689379e-12
2.7840428491912285e-12
2.7694188868427463e-12
2.7548908190811187e-12
2.7404578923165792e-12
2.7261193598594393e-12
2.7118744818479795e-12
2.697722525177185e-12
2.6836627634283183e-12
2.6696944767993156e-12
2.6558169520359978e-12
2.642029482364085e-12
2.6283313674220045e-12
2.6147219131944802e-12
2.601200431946896e-12
2.5877662421604226e-12
2.5744186684678943e-12
2.5611570415904322e-12
2.5479806982747995e-12
2.534888981231481e-12
2.521881239073477e-12
2.508956826255805e-12
2.4961151030156966e-12
2.4833554353134816e-12
2.4706771947741517e-12
2.4580797586295967e-12
2.4455625096614996e-12
2.4331248361448855e-12
2.420766131792318e-12
2.408485795698729e-12
2.3962832322868826e-12
2.3841578512534527e-12
2.3721090675157207e-12
2.360136301158874e-12
2.3482389773839054e-12
2.3364165264560983e-12
2.3246683836541008e-12
2.3129939892195693e-12
2.301392788307385e-12
2.2898642309364274e-12
2.2784077719409065e-12
2.2670228709222373e-12
2.2557089922014596e-12
2.2444656047721866e-12
2.233292182254085e-12
2.222188202846871e-12
2.211153149284825e-12
2.2001865087918104e-12
2.1892877730367956e-12
2.1784564380898686e-12
2.167692004378745e-12
2.156993976645755e-12
2.1463618639053084e-12
2.135795179401833e-12
2.125293440568174e-12
2.114856168984458e-12
2.104482890337407e-12
2.0941731343801037e-12
2.0839264348921963e-12
2.0737423296405468e-12
2.063620360340303e-12
2.053560072616407e-12
2.0435610159655176e-12
2.0336227437183524e-12
2.023744813002443e-12
2.013926784705295e-12
2.0041682234379487e-12
1.9944686974989376e-12
1.9848277788386416e-12
1.9752450430240212e-12
1.965720069203741e-12
1.956252440073667e-12
1.946841741842738e-12
1.937487564199207e-12
1.9281895002772467e-12
1.9189471466239152e-12
1.9097601031664767e-12
1.9006279731800744e-12
1.891550363255752e-12
1.8825268832688155e-12
1.8735571463475387e-12
1.8646407688421978e-12
1.855777370294443e-12
1.8469665734069933e-12
1.838208004013657e-12
1.829501291049671e-12
1.820846066522353e-12
1.812241965482073e-12
1.803688625993524e-12
1.7951856891073045e-12
1.7867327988317978e-12
1.7783296021053519e-12
1.769975748768751e-12
1.7616708915379793e-12
1.7534146859772705e-12
1.7452067904724432e-12
1.7370468662045144e-12
1.7289345771235922e-12
1.720869589923042e-12
1.7128515740139224e-12
1.7048802014996904e-12
1.6969551471511707e-12
1.6890760883817855e-12
1.681242705223044e-12
1.6734546803002864e-12
1.6657116988086822e-12
1.6580134484894752e-12
1.6503596196064775e-12
1.642749904922807e-12
1.6351839996778652e-12
1.6276616015645542e-12
1.620182410706728e-12
1.6127461296368784e-12
1.6053524632740496e-12
1.5980011189019808e-12
1.5906918061474744e-12
1.5834242369589853e-12
1.5761981255854312e-12
1.5690131885552197e-12
1.5618691446554903e-12
1.5547657149115691e-12
1.5477026225666324e-12
1.5406795930615802e-12
1.5336963540151122e-12
1.5267526352040088e-12
1.5198481685436124e-12
1.5129826880685055e-12
1.5061559299133876e-12
1.4993676322941438e-12
1.4926175354891061e-12
1.4859053818205044e-12
1.4792309156361043e-12
1.4725938832910317e-12
1.4659940331297784e-12
1.4594311154683912e-12
1.4529048825768387e-12
1.4464150886615565e-12
1.4399614898481665e-12
1.4335438441643702e-12
1.4271619115230131e-12
1.4208154537053182e-12
1.4145042343442885e-12
1.4082280189082728e-12
1.4019865746846984e-12
1.3957796707639624e-12
1.3896070780234864e-12
1.383468569111928e-12
1.3773639184335486e-12
1.371292902132739e-12
1.3652552980786938e-12
1.3592508858502426e-12
1.353279446720826e-12
1.3473407636436247e-12
1.3414346212368318e-12
1.3355608057690713e-12
1.3297191051449612e-12
1.323909308890817e-12
1.3181312081404963e-12
1.3123845956213814e-12
1.3066692656405014e-12
1.3009850140707876e-12
1.2953316383374645e-12
1.2897089374045745e-12
1.284116711761632e-12
1.278554763410409e-12
1.2730228958518498e-12
1.2675209140731117e-12
1.262048624534732e-12
1.2566058351579195e-12
1.2511923553119703e-12
1.2458079958018031e-12
1.2404525688556175e-12
1.2351258881126699e-12
1.229827768611168e-12
1.2245580267762824e-12
1.2193164804082727e-12
1.2141029486707284e-12
1.2089172520789229e-12
1.2037592124882798e-12
1.1986286530829475e-12
1.193525398364487e-12
1.188449274140664e-12
1.183400107514351e-12
1.178377726872535e-12
1.173381961875427e-12
1.168412643445681e-12
1.1634696037577095e-12
1.1585526762271053e-12
1.1536616955001608e-12
1.1487964974434886e-12
1.1439569191337386e-12
1.1391427988474156e-12
1.134353976050789e-12
1.129590291389901e-12
1.1248515866806692e-12
1.1201377048990794e-12
1.1154484901714745e-12
1.1107837877649323e-12
1.1061434440777353e-12
1.1015273066299287e-12
1.096935224053967e-12
1.0923670460854504e-12
1.0878226235539447e-12
1.0833018083738893e-12
1.0788044535355898e-12
1.0743304130962932e-12
1.0698795421713488e-12
1.0654516969254487e-12
1.0610467345639518e-12
1.056664513324288e-12
1.052304892467441e-12
1.0479677322695113e-12
1.043652894013358e-12
1.0393602399803155e-12
1.035089633441989e-12
1.0308409386521257e-12
1.026614020838559e-12
1.0224087461952295e-12
1.0182249818742771e-12
1.0140625959782084e-12
1.0099214575521334e-12
1.0058014365760752e-12
1.0017024039573502e-12
9.976242315230168e-13
9.935667920123946e-13
9.895299590696512e-13
9.85513607236457e-13
9.81517611944707e-13
9.775418495093088e-13
9.73586197121036e-13
9.696505328394477e-13
9.657347355858708e-13
9.618386851364476e-13
9.579622621152445e-13
9.541053479874255e-13
9.502678250524849e-13
9.464495764375438e-13
9.426504860907049e-13
9.388704387744685e-13
9.351093200592078e-13
9.313670163167026e-13
9.276434147137304e-13
9.23938403205718e-13
