0.13359213049244023
0.06679606524622012
0.044530710164146746
0.03339803262311006
0.026718426098488048
0.022265355082073373
0.019084590070348604
0.01669901631155503
0.014843570054715581
0.013359213049244024
0.012144739135676385
0.011132677541036686
0.01027631773018771
0.009542295035174302
0.00890614203282935
0.008349508155777514
0.007858360617202367
0.007421785027357791
0.007031164762760012
0.006679606524622012
0.006361530023449535
0.0060723695678381925
0.005808353499671314
0.005566338770518343
0.005343685219697609
0.005138158865093855
0.004947856684905194
0.004771147517587151
0.004606625189394491
0.004453071016414675
0.004309423564272266
0.004174754077888757
0.004048246378558795
0.003929180308601184
0.003816918014069721
0.0037108925136788953
0.0036105981214173037
0.003515582381380006
0.0034254392433959034
0.003339803262311006
0.0032583446461570786
0.0031807650117247673
0.003106793732382331
0.0030361847839190962
0.002968714010943116
0.002904176749835657
0.002842385755158303
0.0027831693852591716
0.0027263700100498005
0.0026718426098488045
0.0026194535390674555
0.0025690794325469277
0.0025206062357064195
0.002473928342452597
0.002428947827135277
0.0023855737587935755
0.0023437215875866707
0.0023033125946972455
0.002264273398176953
0.0022265355082073373
0.0021900349261055776
0.002154711782136133
0.0021205100078165117
0.0020873770389443786
0.002055263546037542
0.0020241231892793973
0.001993912395409556
0.001964590154300592
0.0019361178332237714
0.0019084590070348605
0.0018815793027104257
0.0018554462568394477
0.0018300291848279485
0.0018052990607086519
0.0017812284065658697
0.001757791190690003
0.001734962733668055
0.0017127196216979517
0.0016910396264865851
0.001669901631155503
0.0016492855616350645
0.0016291723230785393
0.001609543740872774
0.0015903825058623837
0.0015716721234404732
0.0015533968661911655
0.0015355417297981636
0.0015180923919595481
0.0015010351740723622
0.001484357005471558
0.0014680453900268158
0.0014520883749178286
0.0014364745214240885
0.0014211928775791514
0.0014062329525520024
0.0013915846926295858
0.0013772384586849507
0.0013631850050249002
0.0013494154595195982
0.0013359213049244022
0.0013226943613112894
0.0013097267695337277
0.0012970109756547596
0.0012845397162734638
0.001272306004689907
0.0012603031178532098
0.0012485245840414974
0.0012369641712262984
0.0012256158760774332
0.0012144739135676384
0.0012035327071391012
0.0011927868793967877
0.0011822312432959313
0.0011718607937933354
0.001161670699934263
0.0011516562973486228
0.0011418130811319679
0.0011321366990884765
0.0011226229453146239
0.0011132677541036686
0.0011040671941523986
0.0010950174630527888
0.0010861148820523595
0.0010773558910680664
0.0010687370439395219
0.0010602550039082558
0.001051906539310553
0.0010436885194721893
0.0010355979107941104
0.001027631773018771
0.0010197872556674827
0.0010120615946396987
0.001004452108965716
0.000996956197704778
0.0009895713369810388
0.000982295077150296
0.0009751250400908046
0.0009680589166118857
0.0009610944639743902
0.0009542295035174302
0.0009474619183861009
0.0009407896513552129
0.0009342107027443373
0.0009277231284197238
0.0009213250378788981
0.0009150145924139742
0.0009087900033499335
0.0009026495303543259
0.0008965914798150351
0.0008906142032829348
0.0008847160959764254
0.0008788955953450015
0.0008731511796891519
0.0008674813668340275
0.0008618847128544531
0.0008563598108489759
0.0008509052897607658
0.0008455198132432926
0.0008402020785688065
0.0008349508155777515
0.0008297647856673307
0.0008246427808175323
0.0008195836226530075
0.0008145861615392697
0.0008096492757117589
0.000804771870436387
0.0007999528772002409
0.0007951912529311918
0.0007904859792452084
0.0007858360617202366
0.0007812405291955569
0.0007766984330955828
0.0007722088467771111
0.0007677708648990818
0.0007633836028139441
0.0007590461959797741
0.0007547577993923176
0.0007505175870361811
0.0007463247513544147
0.000742178502735779
0.0007380780690190068
0.0007340226950134079
0.0007300116420351925
0.0007260441874589143
0.0007221196242834607
0.0007182372607120442
0.0007143964197456697
0.0007105964387895757
0.0007068366692721705
0.0007031164762760012
0.0006994352381803153
0.0006957923463147929
0.0006921872046240427
0.0006886192293424754
0.0006850878486791807
0.0006815925025124501
0.0006781326420936052
0.0006747077297597991
0.0006713172386554786
0.0006679606524622011
0.0006646374651365185
0.0006613471806556447
0.0006580893127706416
0.0006548633847668639
0.0006516689292314158
0.0006485054878273798
0.0006453726110745905
0.0006422698581367319
0.0006391967966145465
0.0006361530023449535
0.0006331380592058778
0.0006301515589266049
0.0006271931009034753
0.0006242622920207487
0.0006213587464764662
0.0006184820856131492
0.0006156319377531808
0.0006128079380387166
0.0006100097282759828
0.0006072369567838192
0.0006044892782463358
0.0006017663535695506
0.0005990678497418844
0.0005963934396983939
0.0005937428021886232
0.0005911156216479657
0.0005885115880724239
0.0005859303968966677
0.0005833717488752849
0.0005808353499671315
0.000578320911222685
0.0005758281486743114
0.0005733567832293573
0.0005709065405659839
0.0005684771510316606
0.0005660683495442383
0.0005636798754955284
0.0005613114726573119
0.0005589628890897081
0.0005566338770518343
0.0005543241929146898
0.0005520335970761993
0.0005497618538783548
0.0005475087315263944
0.0005452740020099601
0.0005430574410261798
0.0005408588279046164
0.0005386779455340332
0.0005365145802909247
0.0005343685219697609
0.0005322395637149014
0.0005301275019541279
0.0005280321363337558
0.0005259532696552765
0.0005238907078134911
0.0005218442597360947
0.0005198137373246701
0.0005177989553970552
0.0005157997316310433
0.0005138158865093855
0.0005118472432660545
0.0005098936278337414
0.0005079548687925485
0.0005060307973198493
0.0005041212471412838
0.000502226054482858
0.0005003450580241207
0.000498478098852389
0.0004966250204179935
0.0004947856684905194
0.0004929598911160156
0.000491147538575148
0.0004893484633422719
0.0004875625200454023
0.00048578956542705536
0.00048402945830594286
0.0004822820595394954
0.0004805472319871951
0.00047882484047469617
0.0004771147517587151
0.00047541683449266983
0.00047373095919305046
0.0004720569982065026
0.00047039482567760643
0.00046874431751733414
0.00046710535137216866
0.0004654778065938684
0.0004638615642098619
0.00046225650689425685
0.00046066251893944906
0.00045907948622831693
0.0004575072962069871
0.00045594583785815777
0.00045439500167496677
0.0004528546796353906
0.00045132476517716297
0.00044980515317319945
0.00044829573990751756
0.0004467964230516396
0.0004453071016414674
0.0004438276760546187
0.0004423580479882127
0.00044089812043709645
0.00043944779767250073
0.0004380069852211155
0.00043657558984457593
0.0004351535195193493
0.00043374068341701374
0.00043233699188491986
0.00043094235642722657
0.000429556689686303
0.00042817990542448793
0.0004268119185061988
0.0004254526448803829
0.0004241020015633023
0.0004227599066216463
0.00042142627915596286
0.00042010103928440324
0.00041878410812677187
0.00041747540778887574
0.00041617486134716585
0.0004148823928336653
0.0004135979272211772
0.00041232139040876613
0.0004110527092075084
0.00040979181132650376
0.0004085386253591444
0.00040729308076963483
0.00040605510787975754
0.00040482463785587947
0.00040360160269619407
0.0004023859352181935
0.00040117756904636706
0.00039997643860012044
0.0003987824790819111
0.0003975956264655959
0.00039641581748498585
0.0003952429896226042
0.00039407708109864375
0.0003929180308601183
0.00039176577857020595
0.00039062026459777847
0.0003894814300071144
0.0003883492165477914
0.0003872235666447543
0.00038610442338855557
0.00038499173052576434
0.0003838854324495409
0.0003827854741903732
0.00038169180140697206
0.0003806043603773226
0.00037952309798988703
0.0003784479617349582
0.0003773788996961588
0.00037631586054208513
0.00037525879351809054
0.0003742076484382079
0.00037316237567720735
0.0003721229261627862
0.0003710892513678895
0.00037006130330315856
0.0003690390345095034
0.00036802239805079954
0.00036701134750670395
0.0003660058369655897
0.00036500582101759625
0.0003640112547477935
0.00036302209372945715
0.0003620382940174532
0.00036105981214173033
0.00036008660510091704
0.0003591186303560221
0.0003581558458242365
0.00035719820987283485
0.00035624568131317394
0.00035529821939478786
0.00035435578379957623
0.00035341833463608526
0.00035248583243387924
0.0003515582381380006
0.00035063551310351765
0.00034971761909015765
0.0003488045182570241
0.00034789617315739645
0.000346992546733611
0.00034609360231202134
0.00034519930359803677
0.0003443096146712377
0.00034342449998056617
0.00034254392433959033
0.000341667852921842
0.00034079625125622506
0.0003399290852224942
0.0003390663210468026
0.00033820792529731705
0.00033735386487989956
0.0003365041070338545
0.0003356586193277393
0.00033481736965523866
0.00033398032623110056
0.00033314745758713274
0.00033231873256825927
0.00033149412032863583
0.00033067359032782235
0.0003298571123270129
0.0003290446563853208
0.0003282361928561185
0.00032743169238343194
0.00032663112589838685
0.0003258344646157079
0.0003250416800302682
0.0003242527439136899
0.0003234676283109933
0.00032268630553729526
0.0003219087481745548
0.00032113492906836596
0.0003203648213247967
0.00031959839830727327
0.0003188356336335089
0.00031807650117247676
0.00031732097504142575
0.0003165690296029389
0.00031582063946203364
0.00031507577946330244
0.0003143344246880947
0.00031359655045173766
0.0003128621323007968
0.00031213114601037436
0.00031140356758144574
0.0003106793732382331
0.0003099585394256154
0.0003092410428065746
0.00030852686025967723
0.0003078159688765904
0.0003071083459596327
0.0003064039690193583
0.00030570281577217446
0.0003050048641379914
0.00030431009223790483
0.0003036184783919096
0.0003029300011166445
0.0003022446391231679
0.0003015623713147635
0.0003008831767847753
0.0003002070348144724
0.0002995339248709422
0.0002988638266050117
0.00029819671984919694
0.0002975325846156798
0.0002968714010943116
0.0002962131496506435
0.00029555781082398283
0.00029490536532547515
0.00029425579403621194
0.00029360907800536314
0.00029296519844833384
0.0002923241367449458
0.00029168587443764244
0.0002910503932297173
0.00029041767498356574
0.00028978770171895926
0.0002891604556113425
0.0002885359189901517
0.0002879140743371557
0.0002872949042848177
0.00028667839161467863
0.00028606451925576067
0.00028545327028299197
0.0002848446279156508
0.0002842385755158303
0.0002836350965869219
0.00028303417477211913
0.00028243579385293916
0.0002818399377477642
0.0002812465905104005
0.00028065573632865597
0.0002800673595229355
0.00027948144454485404
0.00027889797597586687
0.00027831693852591716
0.00027773831703210025
0.0002771620964573449
0.0002765882618891102
0.00027601679853809965
0.0002754476917369902
0.0002748809269391774
0.0002743164897175364
0.0002737543657631972
0.00027319454088433584
0.00027263700100498006
0.0002720817321638294
0.0002715287205130899
0.00027097795231732297
0.0002704294139523082
0.00026988309190391965
0.0002693389727670166
0.00026879704324434656
0.00026825729014546233
0.00026771970038565174
0.00026718426098488047
0.000266650959066747
0.0002661197818574507
0.0002655907166847718
0.00026506375097706396
0.0002645388722622579
0.0002640160681668779
0.0002634953264150695
0.00026297663482763826
0.00026245998132110065
0.00026194535390674557
0.0002614327406897069
0.0002609221298680473
0.0002604135097318523
0.00025990686866233506
0.0002594021951309519
0.0002588994776985276
0.0002583987050143912
0.0002578998658155217
0.0002574029489257037
0.00025690794325469274
0.00025641483779739006
0.00025592362163302725
0.0002554342839243599
0.0002549468139168707
0.0002544612009379814
0.0002539774343962742
0.0002534955037807215
0.00025301539865992467
0.0002525371086813615
0.0002520606235706419
0.00025158593313077255
0.000251113027241429
0.00025064189585823684
0.00025017252901206034
0.0002497049168082995
0.0002492390494261945
0.0002487749171181382
0.00024831251020899673
0.00024785181909543644
0.0002473928342452597
0.00024693554619674717
0.0002464799455580078
0.0002460260230063356
0.000245573769287574
0.0002451231752154867
0.00024467423167113595
0.00024422692960226734
0.00024378126002270114
0.00024333721401173083
0.00024289478271352768
0.00024245395733655213
0.00024201472915297143
0.0002415770894980836
0.0002411410297697477
0.00024070654142782023
0.00024027361599359754
0.00023984224504926434
0.00023941242023734808
0.00023898413326017931
0.00023855737587935756
0.00023813213991522324
0.00023770841724633492
0.00023728619980895244
0.00023686547959652523
0.00023644624865918625
0.0002360284991032513
0.0002356122230907235
0.00023519741283880321
0.00023478406061940287
0.00023437215875866707
0.00023396169963649778
0.00023355267568608433
0.00023314507939343844
0.0002327389032969342
0.00023233413998685257
0.00023193078210493096
0.00023152882234391721
0.00023112825344712842
0.0002307290682080142
0.00023033125946972453
0.00022993482012468198
0.00022953974311415846
0.00022914602142785632
0.00022875364810349356
0.00022836261622639355
0.00022797291892907889
0.00022758454939086922
0.00022719750083748338
0.00022681176654064554
0.0002264273398176953
0.00022604421403120176
0.00022566238258858148
0.00022528183894172046
0.00022490257658659972
0.00022452458906292475
0.00022414786995375878
0.0002237724128851595
0.0002233982115258198
0.00022302525958671157
0.0002226535508207337
0.0002222830790223631
0.00022191383802730935
0.00022154582171217285
0.00022117902399410635
0.00022081343883047973
0.00022044906021854822
0.00022008588219512394
0.00021972389883625037
0.0002193631042568805
0.00021900349261055776
0.0002186450580891002
0.00021828779492228797
0.0002179316973775534
0.00021757675975967464
0.0002172229764104719
0.00021687034170850687
0.0002165188500687848
0.00021616849594245993
0.00021581927381654318
0.00021547117821361328
0.00021512420369153016
0.0002147783448431515
0.00021443359629605175
0.00021408995271224396
0.00021374740878790438
0.0002134059592530994
0.00021306559887151552
0.00021272632244019146
0.00021238812478925314
0.00021205100078165116
0.00021171494531290052
0.00021137995331082314
0.00021104601973529264
0.00021071313957798143
0.0002103813078621106
0.00021005051964220162
0.00020972077000383082
0.00020939205406338593
0.0002090643669678251
0.00020873770389443787
0.0002084120600506088
0.00020808743067358293
0.00020776381103023364
0.00020744119641683266
0.00020711958215882206
0.0002067989636105886
0.00020647933615523993
0.00020616069520438307
0.00020584303619790482
0.0002055263546037542
0.00020521064591772693
0.00020489590566325188
0.00020458212939117952
0.0002042693126795722
0.00020395745113349653
0.00020364654038481741
0.00020333657609199426
0.00020302755393987877
0.00020271946963951477
0.00020241231892793973
0.00020210609756798824
0.00020180080134809704
0.00020149642608211196
0.00020119296760909674
0.0002008904217931432
0.00020058878452318353
0.00020028805171280395
0.00019998821930006022
0.0001996892832472948
0.00019939123954095555
0.00019909408419141613
0.00019879781323279796
0.0001985024227227938
0.00019820790874249293
0.00019791426739620776
0.0001976214948113021
0.00019732958713802103
0.00019703854054932188
0.00019674835124070726
0.00019645901543005915
0.00019617052935747464
0.00019588288928510297
0.00019559609149698423
0.00019531013229888924
0.00019502500801816093
0.0001947407150035572
0.00019445724962509494
0.0001941746082738957
0.00019389278736203227
0.00019361178332237715
0.00019333159260845185
0.00019305221169427778
0.00019277363707422834
0.00019249586526288217
0.00019221889279487803
0.00019194271622477045
0.000191667332126887
0.0001913927370951866
0.00019111892774311906
0.00019084590070348603
0.00019057365262830275
0.0001903021801886613
0.00019003148007459492
0.00018976154899494351
0.00018949238367722018
0.0001892239808674791
0.0001889563373301842
0.0001886894498480794
0.00018842331522205956
0.00018815793027104257
0.0001878932918318428
0.00018762939675904527
0.0001873662419248811
0.00018710382421910395
0.00018684214054886746
0.00018658118783860367
0.0001863209630299027
0.0001860614630813931
0.0001858026849686234
0.00018554462568394476
0.0001852872822363942
0.00018503065165157928
0.00018477473097156324
0.0001845195172547517
0.00018426500757577963
0.00018401119902539977
0.00018375808871037172
0.00018350567375335198
0.00018325395129278494
0.00018300291848279485
0.00018275257249307828
0.00018250291050879813
0.0001822539297304778
0.00018200562737389676
0.0001817580006699867
0.00018151104686472857
0.0001812647632190505
0.0001810191470087266
0.00018077419552427635
0.00018052990607086517
0.00018028627596820544
0.00018004330255045852
0.0001798009831661376
0.00017955931517801106
0.000179318295963007
0.00017907792291211826
0.0001788381934303082
0.00017859910493641743
0.00017836065486307107
0.00017812284065658697
0.00017788565977688446
0.00017764910969739393
0.0001774131879049671
0.00017717789189978812
0.00017694321919528507
0.00017670916731804263
0.00017647573380771497
0.00017624291621693962
0.00017601071211125195
0.0001757791190690003
0.0001755481346812618
0.00017531775655175882
0.00017508798229677619
0.00017485880954507883
0.00017463023593783036
0.00017440225912851204
0.00017417487678284254
0.00017394808657869823
0.00017372188620603412
0.0001734962733668055
0.00017327124577489007
0.00017304680115601067
0.00017282293724765876
0.00017259965179901838
0.00017237694257089063
0.00017215480733561884
0.00017193324387701446
0.00017171224999028308
0.0001714918234819515
0.00017127196216979517
0.00017105266388276597
0.000170833926460921
0.0001706157477553515
0.00017039812562811253
0.00017018105795215316
0.0001699645426112471
0.00016974857749992405
0.0001695331605234013
0.00016931828959751614
0.00016910396264865852
0.00016889017761370447
0.00016867693243994978
0.00016846422508504444
0.00016825205351692725
0.0001680404157137613
0.00016782930966386964
0.00016761873336567157
0.00016740868482761933
0.00016719916206813545
0.00016699016311555028
0.00016678168600804024
0.00016657372879356637
0.0001663662895298135
0.00016615936628412963
0.00016595295713346612
0.00016574706016431792
0.00016554167347266447
0.00016533679516391117
0.00016513242335283094
0.00016492855616350645
0.0001647251917292728
0.0001645223281926604
0.00016431996370533855
0.00016411809642805924
0.0001639167245306015
0.00016371584619171597
0.00016351545959907005
0.00016331556294919342
0.00016311615444742397
0.00016291723230785394
0.00016271879475327676
0.0001625208400151341
0.0001623233663334632
0.00016212637195684495
0.0001619298551423518
0.00016173381415549666
0.00016153824727018165
0.00016134315276864763
0.00016114852894142368
0.0001609543740872774
0.00016076068651316514
0.00016056746453418298
0.00016037470647351767
0.00016018241066239835
0.00015999057544004817
0.00015979919915363664
0.00015960828015823206
0.00015941781681675445
0.00015922780749992875
0.00015903825058623838
0.00015884914446187898
0.00015866048752071288
0.0001584722781642233
0.00015828451480146946
0.00015809719584904168
0.00015791031973101682
0.0001577238848789141
0.00015753788973165122
0.00015735233273550086
0.00015716721234404734
0.00015698252701814363
0.00015679827522586883
0.0001566144554424856
0.0001564310661503984
0.00015624810583911137
0.00015606557300518718
0.00015588346615220565
0.00015570178379072287
0.00015552052443823077
0.00015533968661911654
0.0001551592688646228
0.0001549792697128077
0.0001547996877085055
0.0001546205214032873
0.00015444176935542223
0.00015426343012983862
0.00015408550229808563
0.0001539079844382952
0.0001537308751351441
0.00015355417297981634
0.00015337787656996582
0.00015320198450967916
0.00015302649540943898
0.00015285140788608723
0.00015267672056278883
0.0001525024320689957
0.00015232854104041077
0.00015215504611895242
0.00015198194595271927
0.0001518092391959548
0.00015163692450901274
0.00015146500055832226
0.00015129346601635362
0.00015112231956158396
0.00015095155987846355
0.00015078118565738175
0.00015061119559463384
0.00015044158839238765
0.00015027236275865042
0.0001501035174072362
0.00014993505105773315
0.0001497669624354711
0.0001495992502714896
0.00014943191330250586
0.00014926495027088295
0.00014909835992459847
0.00014893214101721318
0.0001487662923078399
0.0001486008125611126
0.0001484357005471558
0.00014827095504155408
0.00014810657482532176
0.00014794255868487291
0.00014777890541199141
0.00014761561380380135
0.00014745268266273757
0.00014729011079651623
0.00014712789701810597
0.00014696604014569883
0.00014680453900268157
0.0001466433924176073
0.00014648259922416692
0.00014632215826116126
0.0001461620683724729
0.0001460023284070385
0.00014584293721882122
0.00014568389366678323
0.00014552519661485864
0.00014536684493192625
0.00014520883749178287
0.00014505117317311644
0.00014489385085947963
0.00014473686943926352
0.00014458022780567125
0.00014442392485669215
0.00014426795949507585
0.0001441123306283066
0.00014395703716857784
0.00014380207803276667
0.00014364745214240886
0.00014349315842367372
0.00014333919580733931
0.00014318556322876765
0.00014303225962788033
0.00014287928394913393
0.00014272663514149599
0.00014257431215842074
0.0001424223139578254
0.00014227063950206627
0.00014211928775791514
0.00014196825769653584
0.00014181754829346095
0.00014166715852856863
0.00014151708738605956
0.0001413673338544341
0.00014121789692646958
0.0001410687755991977
0.0001409199688738821
0.00014077147575599603
0.00014062329525520024
0.00014047542638532097
0.00014032786816432798
0.00014018061961431293
0.00014003367976146776
0.00013988704763606306
0.00013974072227242702
0.00013959470270892397
0.00013944898798793343
0.00013930357715582922
0.00013915846926295858
0.00013901366336362147
0.00013886915851605013
0.0001387249537823886
0.00013858104822867245
0.00013843744092480854
0.0001382941309445551
0.0001381511173655018
0.00013800839926904983
0.00013786597574039238
0.0001377238458684951
0.00013758200874607645
0.0001374404634695887
0.0001372992091391986
0.0001371582448587682
0.00013701756973583614
0.0001368771828815986
0.00013673708341089072
0.00013659727044216792
0.00013645774309748747
0.00013631850050249003
0.0001361795417863815
0.0001360408660819147
0.00013590247252537153
0.00013576436025654494
0.00013562652841872104
0.00013548897615866149
0.00013535170262658585
0.0001352147069761541
0.00013507798836444917
0.00013494154595195982
0.0001348053789025633
0.0001346694863835083
0.00013453386756539802
0.00013439852162217328
0.00013426344773109571
0.00013412864507273117
0.00013399411283093304
0.00013385985019282587
0.000133725856348789
0.00013359213049244024
