0.608296717075909
0.15207417926897726
0.06758852411954545
0.038018544817244315
0.024331868683036363
0.016897131029886363
0.012414218715834879
0.009504636204311079
0.007509836013282828
0.006082967170759091
0.005027245595668669
0.004224282757471591
0.0035993888584373314
0.0031035546789587197
0.002703540964781818
0.0023761590510777697
0.002104832931058509
0.001877459003320707
0.0016850324572739862
0.0015207417926897727
0.0013793576350927643
0.0012568113989171674
0.001149899276135934
0.0010560706893678977
0.0009732747473214545
0.0008998472146093329
0.0008344262236980919
0.0007758886697396799
0.0007233016849891903
0.0006758852411954545
0.0006329830562704569
0.0005940397627694424
0.0005585828439631855
0.0005262082327646272
0.0004965687486333952
0.00046936475083017673
0.00044433653548276776
0.00042125811431849655
0.00039993209538192575
0.0003801854481724432
0.00036186598279352116
0.0003448394087731911
0.000328986866996165
0.00031420284972929184
0.0003003934405313131
0.0002874748190339835
0.00027537198600086424
0.00026401767234197443
0.0002533514023639771
0.00024331868683036362
0.00023387032567316764
0.00022496180365233322
0.00021655276506796334
0.00020860655592452298
0.00020108982382674678
0.00019397216743491998
0.00018722582858599846
0.0001808254212472976
0.00017474769235159698
0.00016897131029886364
0.00016347667752644694
0.00015824576406761422
0.0001532619594547516
0.0001485099406923606
0.00014397555433749327
0.00013964571099079638
0.000135508290727536
0.0001315520581911568
0.000127766586237326
0.0001241421871583488
0.00012066985063993435
0.00011734118770754418
0.00011414838001049146
0.00011108413387069194
0.00010814163859127272
0.00010531452857962414
0.00010259684889119734
9.998302384548144e-05
9.746782840504872e-05
9.50463620431108e-05
9.271402485534355e-05
9.046649569838029e-05
8.829971216082291e-05
8.620985219329777e-05
8.419331724234035e-05
8.224671674904125e-05
8.036685388768781e-05
7.855071243232296e-05
7.679544465041145e-05
7.509836013282828e-05
7.345691547831289e-05
7.186870475849588e-05
7.033145069671743e-05
6.884299650021606e-05
6.740129829095945e-05
6.600441808549361e-05
6.465051727876598e-05
6.333785059099428e-05
6.206476044035395e-05
6.0829671707590906e-05
5.963108686167131e-05
5.846758141829191e-05
5.733779970552447e-05
5.6240450913083304e-05
5.517430540371057e-05
5.4138191266990834e-05
5.313099109755516e-05
5.2151638981130746e-05
5.1199117673252174e-05
5.0272455956686696e-05
4.937072616475197e-05
4.8493041858729995e-05
4.7638555648516646e-05
4.6806457146499616e-05
4.599597104543736e-05
4.52063553118244e-05
4.4436899486880635e-05
4.3686923087899245e-05
4.295577410323487e-05
4.224282757471591e-05
4.1547484261724545e-05
4.0869169381611735e-05
4.0207331421502346e-05
3.9561441016903555e-05
3.8930989892858175e-05
3.83154898636879e-05
3.7714471887650136e-05
3.712748517309015e-05
3.6554096332907217e-05
3.599388858437332e-05
3.544646099154531e-05
3.4911427747699096e-05
3.4388417495387474e-05
3.3877072681884e-05
3.337704894792368e-05
3.28880145477892e-05
3.240964979891891e-05
3.19416465593315e-05
3.148370773127214e-05
3.10355467895872e-05
3.059688733342936e-05
3.0167462659983588e-05
2.9747015358986213e-05
2.9335296926886046e-05
2.8932067399567613e-05
2.8537095002622866e-05
2.815015581821968e-05
2.7771033467672985e-05
2.7399518808878385e-05
2.703540964781818e-05
2.667851046339674e-05
2.6328632144906034e-05
2.5985591741463073e-05
2.5649212222799336e-05
2.5319322250818274e-05
2.499575596137036e-05
2.4678352755726766e-05
2.436695710126218e-05
2.4061418340884817e-05
2.37615905107777e-05
2.3467332166039466e-05
2.3178506213835888e-05
2.2894979753694497e-05
2.2616623924595072e-05
2.2343313758527422e-05
2.2074928040205728e-05
2.1811349172645453e-05
2.1552463048324442e-05
2.1298158925664683e-05
2.1048329310585087e-05
2.080286984288872e-05
2.0561679187260312e-05
2.0324658928661465e-05
2.0091713471921952e-05
1.9862749945335806e-05
1.963767810808074e-05
1.9416410261288553e-05
1.9198861162602862e-05
1.898494794406882e-05
1.877459003320707e-05
1.8567709077131623e-05
1.8364228869578223e-05
1.8164075280716327e-05
1.796717618962397e-05
1.777346141931071e-05
1.7582862674179357e-05
1.7395313479822387e-05
1.7210749125054015e-05
1.7029106606083508e-05
1.6850324572739863e-05
1.667434327666207e-05
1.6501104521373402e-05
1.6330551614161698e-05
1.6162629319691494e-05
1.599728381527703e-05
1.583446264774857e-05
1.5674114691847487e-05
1.5516190110088488e-05
1.5360640314030177e-05
1.5207417926897726e-05
1.5056476747504e-05
1.4907771715417828e-05
1.4761258877330415e-05
1.4616895354572978e-05
1.4474639311740846e-05
1.4334449926381117e-05
1.4196287359702888e-05
1.4060112728270826e-05
1.3925888076644515e-05
1.3793576350927643e-05
1.3663141373192629e-05
1.3534547816747709e-05
1.3407761182214928e-05
1.328274777438879e-05
1.31594746798466e-05
1.3037909745282686e-05
1.2918021556539937e-05
1.2799779418313043e-05
1.2683153334499053e-05
1.2568113989171674e-05
1.2454632728156857e-05
1.2342681541187992e-05
1.2232233044620022e-05
1.2123260464682499e-05
1.2015737621252524e-05
1.1909638912129162e-05
1.180493929779171e-05
1.1701614286624904e-05
1.1599639920594745e-05
1.149899276135934e-05
1.1399649876799705e-05
1.13015888279561e-05
1.1204787656355966e-05
1.1109224871720159e-05
1.101487944003457e-05
1.0921730771974811e-05
1.0829758711672079e-05
1.0738943525808718e-05
1.0649265893032494e-05
1.0560706893678977e-05
1.0473247999791826e-05
1.0386871065431136e-05
1.0301558317260395e-05
1.0217292345402934e-05
1.0134056094559085e-05
1.0051832855375587e-05
9.97060625605909e-06
9.890360254225889e-06
9.811079128980323e-06
9.732747473214544e-06
9.655350186122585e-06
9.578872465921974e-06
9.503299802776314e-06
9.428617971912534e-06
9.354813026926706e-06
9.281871293272538e-06
9.209779361926889e-06
9.138524083226804e-06
9.06809256087281e-06
8.99847214609333e-06
8.929650431965312e-06
8.861615247886328e-06
8.794354654193484e-06
8.727856936924774e-06
8.662110602718534e-06
8.597104373846869e-06
8.53282718337905e-06
8.469268170471e-06
8.406416675777133e-06
8.34426223698092e-06
8.282794584440694e-06
8.2220036369473e-06
8.161879497590321e-06
8.102412449729728e-06
8.043592953069871e-06
7.985411639832874e-06
7.927859311028542e-06
7.870926932818036e-06
7.814605632968604e-06
7.7588866973968e-06
7.703761566797647e-06
7.64922183335734e-06
7.595259237547092e-06
7.541865664995897e-06
7.489033143439939e-06
7.436753839746553e-06
7.385020057010636e-06
7.3338242317215115e-06
7.2831589309983e-06
7.233016849891903e-06
7.183390808751775e-06
7.1342737506557165e-06
7.085658738900966e-06
7.03753895455492e-06
6.989907694063879e-06
6.942758366918246e-06
6.896084493372661e-06
6.849879702219596e-06
6.804137728614994e-06
6.758852411954545e-06
6.714017693799285e-06
6.669627615849185e-06
6.625676317963479e-06
6.5821580362265086e-06
6.5390671010578775e-06
6.496397935365768e-06
6.4541450527423e-06
6.412303055699834e-06
6.370866633947163e-06
6.329830562704568e-06
6.289189701056741e-06
6.24893899034259e-06
6.209073452581011e-06
6.1695881889316915e-06
6.130478378190063e-06
6.091739275315545e-06
6.053366209992229e-06
6.015354585221204e-06
5.977699875943722e-06
5.940397627694425e-06
5.903443455283907e-06
5.866833041509867e-06
5.8305621358961466e-06
5.794626553458972e-06
5.759022173499731e-06
5.723744938423624e-06
5.688790852583574e-06
5.654155981148768e-06
5.619836448997229e-06
5.5858284396318555e-06
5.55212819411934e-06
5.518732010051432e-06
5.485636240527997e-06
5.452837293161363e-06
5.42033162910144e-06
5.3881157620811105e-06
5.356186257481435e-06
5.324539731416171e-06
5.293172849835183e-06
5.262082327646272e-06
5.231264927855015e-06
5.20071746072218e-06
5.170436782938309e-06
5.140419796815078e-06
5.11066344949304e-06
5.081164732165366e-06
5.051920679317236e-06
5.022928367980488e-06
4.9941849170032185e-06
4.9656874863339515e-06
4.93743327632007e-06
4.909419527020185e-06
4.8816435175301064e-06
4.854102565322138e-06
4.826794025597374e-06
4.7997152906507154e-06
4.772863789248319e-06
4.746236986017205e-06
4.719832380846743e-06
4.6936475083017676e-06
4.667679937047053e-06
4.641927269282906e-06
4.616387140191616e-06
4.591057217394556e-06
4.565935200419659e-06
4.541018820179082e-06
4.516305838456808e-06
4.491794047405992e-06
4.467481269055817e-06
4.443365354827677e-06
4.4194441850604765e-06
4.395715668544839e-06
4.372177742066061e-06
4.348828369955597e-06
4.325665543650908e-06
4.302687281263504e-06
4.279891627154972e-06
4.257276651520877e-06
4.23484044998231e-06
4.212581143184966e-06
4.1904968764055704e-06
4.1685858191655176e-06
4.14684616485155e-06
4.1252761303433505e-06
4.103873955647894e-06
4.0826379035404244e-06
4.061566259211913e-06
4.0406573299228735e-06
4.019909444663391e-06
3.999320953819257e-06
3.978890228844062e-06
3.9586156619371425e-06
3.938495665727257e-06
3.918528672961872e-06
3.898713136201949e-06
3.879047527522122e-06
3.859530338216149e-06
3.840160078507544e-06
3.820935277265275e-06
3.8018544817244316e-06
3.7829162572117652e-06
3.764119186876e-06
3.7454618714228217e-06
3.726942928854457e-06
3.708560994213742e-06
3.6903147193326038e-06
3.6722027725848573e-06
3.6542238386432444e-06
3.6363766182406193e-06
3.6186598279352114e-06
3.601072199879879e-06
3.5836124815952792e-06
3.566279435746877e-06
3.549071839925722e-06
3.5319884864329166e-06
3.5150281820677065e-06
3.498189747919127e-06
3.481472019161129e-06
3.464873844851129e-06
3.4483940877319107e-06
3.4320316240368145e-06
3.415785343298157e-06
3.3996541481588173e-06
3.383636954186927e-06
3.367732689693614e-06
3.351940295553732e-06
3.336258725029529e-06
3.3206869435971976e-06
3.3052239287762457e-06
3.28986866996165e-06
3.274620168258725e-06
3.2594774363206716e-06
3.244439498188742e-06
3.229505389134984e-06
3.2146741555075123e-06
3.199944854578261e-06
3.185316554393169e-06
3.170788333624763e-06
3.156359281427084e-06
3.1420284972929185e-06
3.1277950909132977e-06
3.1136581820392143e-06
3.0996169003455257e-06
3.085670385296998e-06
3.0718177860164577e-06
3.0580582611550054e-06
3.0443909787642652e-06
3.0308151161706247e-06
3.0173298598514344e-06
3.003934405313131e-06
2.990627956971249e-06
2.9774097280322904e-06
2.9642789403774154e-06
2.9512348244479275e-06
2.9382766191325156e-06
2.925403571656226e-06
2.9126149374711347e-06
2.8999099801486862e-06
2.8872879712736746e-06
2.874748190339835e-06
2.862289924647019e-06
2.8499124691999263e-06
2.837615126608367e-06
2.825397206989025e-06
2.8132580278686972e-06
2.8011969140889914e-06
2.7892131977124435e-06
2.7773062179300397e-06
2.7654753209701224e-06
2.7537198600086423e-06
2.7420391950807516e-06
2.7304326929937028e-06
2.718899727241033e-06
2.7074396779180198e-06
2.696051931638378e-06
2.6847358814521796e-06
2.6734909267649794e-06
2.6623164732581234e-06
2.6512119328102173e-06
2.6401767234197443e-06
2.6292102691288033e-06
2.6183119999479565e-06
2.607481351782163e-06
2.596717766357784e-06
2.586020691150639e-06
2.5753895793150987e-06
2.564823889614195e-06
2.5543230863507334e-06
2.5438866392993883e-06
2.5335140236397713e-06
2.5232047198904477e-06
2.5129582138438966e-06
2.5027739965023885e-06
2.4926515640147726e-06
2.4825904176141578e-06
2.472590063556472e-06
2.462650013059885e-06
2.452769782245081e-06
2.4429488920763734e-06
2.433186868303636e-06
2.42348324140505e-06
2.4138375465306464e-06
2.4042493234466325e-06
2.3947181164804936e-06
2.3852434744668524e-06
2.3758249506940786e-06
2.3664621028516316e-06
2.3571544929781335e-06
2.3479016874101497e-06
2.3387032567316765e-06
2.329558775724316e-06
2.3204678233181345e-06
2.311429982543191e-06
2.3024448404817222e-06
2.2935119882209786e-06
2.284631020806701e-06
2.2758015371972247e-06
2.2670231402182026e-06
2.2582954365179407e-06
2.2496180365233323e-06
2.240990554396385e-06
2.232412607991328e-06
2.2238838188122978e-06
2.215403811971582e-06
2.206972216148423e-06
2.198588663548371e-06
2.1902527898631725e-06
2.1819642342311935e-06
2.173722639198363e-06
2.1655276506796334e-06
2.15737891792095e-06
2.149276093461717e-06
2.141218833097758e-06
2.1332067958447624e-06
2.1252396439022065e-06
2.11731704261775e-06
2.109438660452091e-06
2.101604168944283e-06
2.093813242677497e-06
2.08606555924523e-06
2.0783607992179505e-06
2.0706986461101735e-06
2.063078786347958e-06
2.055500909236825e-06
2.047964706930087e-06
2.0404698743975803e-06
2.033016109394801e-06
2.025603112432432e-06
2.0182305867462583e-06
2.010898238267468e-06
2.003605775593325e-06
1.9963529099582185e-06
1.989139355205076e-06
1.9819648277571355e-06
1.974829046590079e-06
1.967731733204509e-06
1.9606726115987773e-06
1.953651408242151e-06
1.9466678520483133e-06
1.9397216743492e-06
1.932812608869154e-06
1.9259403916994118e-06
1.9191047612728977e-06
1.912305458339335e-06
1.9055422259406658e-06
1.898814809386773e-06
1.892122956231501e-06
1.8854664162489742e-06
1.8788449414102039e-06
1.8722582858599848e-06
1.8657062058940718e-06
1.8591884599366383e-06
1.852704808518008e-06
1.846255014252659e-06
1.8398388418174943e-06
1.8334560579303779e-06
1.8271064313289291e-06
1.820789732749575e-06
1.8145057349068553e-06
1.8082542124729758e-06
1.8020349420576105e-06
1.7958477021879438e-06
1.7896922732889532e-06
1.7835684376639291e-06
1.7774759794752254e-06
1.7714146847252415e-06
1.7653843412376303e-06
1.75938473863873e-06
1.7534156683392156e-06
1.7474769235159697e-06
1.741568299094165e-06
1.7356895917295615e-06
1.7298405997910105e-06
1.7240211233431652e-06
1.7182309641293949e-06
1.712469925554899e-06
1.7067378126700196e-06
1.7010344321537484e-06
1.6953595922974268e-06
1.6897131029886363e-06
1.684094775695275e-06
1.6785044234498212e-06
1.6729418608337776e-06
1.6674069039622962e-06
1.6618993704689818e-06
1.6564190794908698e-06
1.6509658516535777e-06
1.6455395090566271e-06
1.6401398752589349e-06
1.6347667752644694e-06
1.6294200355080723e-06
1.624099483841442e-06
1.6188049495192766e-06
1.613536263185575e-06
1.608293256860094e-06
1.6030757639249585e-06
1.5978836191114244e-06
1.5927166584867908e-06
1.5875747194414595e-06
1.582457640676142e-06
1.5773652621892097e-06
1.5722974252641852e-06
1.5672539724573763e-06
1.5622347475856475e-06
1.557239595714327e-06
1.5522683631452527e-06
1.547320897404946e-06
1.5423970472329229e-06
1.5374966625701305e-06
1.5326195945475158e-06
1.5277656954747177e-06
1.5229348188288863e-06
1.5181268192436254e-06
1.5133415524980572e-06
1.5085788755060054e-06
1.503838646305301e-06
1.499120724047202e-06
1.4944249689859304e-06
1.4897512424683252e-06
1.4850994069236061e-06
1.4804693258532496e-06
1.4758608638209767e-06
1.471273886442848e-06
1.4667082603774667e-06
1.4621638533162889e-06
1.4576405339740366e-06
1.4531381720792172e-06
1.448656638364743e-06
1.4441958045586526e-06
1.4397555433749327e-06
1.4353357285044374e-06
1.430936234605906e-06
1.4265569372970765e-06
1.4221977131458936e-06
1.4178584396618124e-06
1.413538995287192e-06
1.4092392593887837e-06
1.4049591122493072e-06
1.4006984350591186e-06
1.3964571099079639e-06
1.3922350197768225e-06
1.388032048529835e-06
1.3838480809063173e-06
1.379683002512858e-06
1.375536699815499e-06
1.3714090601319992e-06
1.3672999716241782e-06
1.3632093232903408e-06
1.3591370049577802e-06
1.35508290727536e-06
1.351046921706173e-06
1.3470289405202776e-06
1.3430288567875077e-06
1.3390465643703587e-06
1.335081957916947e-06
1.3311349328540427e-06
1.3272053853801724e-06
1.3232932124587957e-06
1.3193983118115505e-06
1.315520581911568e-06
1.3116599219768567e-06
1.3078162319637538e-06
1.3039894125604443e-06
1.300179365180545e-06
1.2963859919567564e-06
1.2926091957345772e-06
1.2888488800660829e-06
1.2851049492037695e-06
1.2813773080944577e-06
1.27766586237326e-06
1.273970518357608e-06
1.2702911830413416e-06
1.266627764088856e-06
1.262980169829309e-06
1.2593483092508856e-06
1.255732091995122e-06
1.2521314283512842e-06
1.2485462292508046e-06
1.244976406261774e-06
1.2414218715834879e-06
1.237882538041048e-06
1.2343583190800176e-06
1.2308491287611295e-06
1.2273548817550462e-06
1.2238754933371744e-06
1.2204108793825266e-06
1.216960956360639e-06
1.2135256413305345e-06
1.2101048519357387e-06
1.2066985063993435e-06
1.20330652351912e-06
1.1999288226626789e-06
1.1965653237626784e-06
1.1932159473120798e-06
1.1898806143594484e-06
1.1865592465043012e-06
1.1832517658924991e-06
1.1799580952116857e-06
1.1766781576867675e-06
1.1734118770754419e-06
1.1701591776637645e-06
1.1669199842617633e-06
1.1636942221990917e-06
1.1604818173207264e-06
1.1572826959827045e-06
1.154096785047904e-06
1.1509240118818628e-06
1.147764304348639e-06
1.1446175908067105e-06
1.1414838001049147e-06
1.1383628615784255e-06
1.1352547050447704e-06
1.1321592607998843e-06
1.129076459614202e-06
1.1260062327287872e-06
1.122948511851498e-06
1.11990322915319e-06
1.1168703172639542e-06
1.113849709269391e-06
1.1108413387069193e-06
1.107845139562121e-06
1.1048610462651191e-06
1.1018889936869899e-06
1.0989289171362098e-06
1.0959807523551355e-06
1.0930444355165153e-06
1.090119903220036e-06
1.0872070924888992e-06
1.084305940766432e-06
1.081416385912727e-06
1.078538366201317e-06
1.075671820315876e-06
1.072816687346954e-06
1.069972906788743e-06
1.0671404185358695e-06
1.0643191628802192e-06
1.0615090805077908e-06
1.0587101124955776e-06
1.0559222003084792e-06
1.0531452857962414e-06
1.0503793111904231e-06
1.0476242191013926e-06
1.0448799525153504e-06
1.0421464547913794e-06
1.039423669658523e-06
1.0367115412128875e-06
1.034010013914775e-06
1.0313190325858376e-06
1.0286385424062612e-06
1.0259684889119735e-06
1.0233088179918766e-06
1.0206594758851061e-06
1.0180204091783145e-06
1.0153915648029783e-06
1.012772890032731e-06
1.0101643324807184e-06
1.007565840096979e-06
1.0049773611658478e-06
1.0023988443033826e-06
9.998302384548143e-07
9.972714928920194e-07
9.947225572110156e-07
9.92183381329479e-07
9.896539154842856e-07
9.871341102290706e-07
9.846239164318142e-07
9.821232852724451e-07
9.79632168240468e-07
9.771505171326093e-07
9.746782840504871e-07
9.72215421398299e-07
9.697618818805305e-07
9.67317618499686e-07
9.648825845540373e-07
9.624567336353926e-07
9.60040019626886e-07
9.576323967007852e-07
9.552338193163187e-07
9.528442422175232e-07
9.504636204311079e-07
9.480919092643388e-07
9.457290643029413e-07
9.433750414090204e-07
9.41029796719e-07
9.386932866415788e-07
9.363654678557054e-07
9.340462973085702e-07
9.317357322136142e-07
9.294337300485561e-07
9.271402485534355e-07
9.248552457286737e-07
9.225786798331509e-07
9.203105093822994e-07
9.180506931462143e-07
9.157991901477798e-07
9.135559596608111e-07
9.113209612082133e-07
9.090941545601548e-07
9.068754997322579e-07
9.046649569838029e-07
9.02462486815949e-07
9.002680499699697e-07
8.980816074255037e-07
8.959031203988198e-07
8.937325503410968e-07
8.915698589367192e-07
8.894150081015852e-07
8.872679599814305e-07
8.85128676950166e-07
8.829971216082292e-07
8.808732567809492e-07
8.787570455169266e-07
8.766484510864259e-07
8.745474369797817e-07
8.724539669058181e-07
8.703680047902822e-07
8.682895147742892e-07
8.662184612127822e-07
8.641548086730031e-07
8.620985219329777e-07
8.600495659800123e-07
8.580079060092036e-07
8.559735074219609e-07
8.539463358245393e-07
8.519263570265874e-07
8.499135370397043e-07
8.479078420760111e-07
8.459092385467318e-07
8.43917693060788e-07
8.419331724234035e-07
8.399556436347216e-07
8.37985073888433e-07
8.360214305704149e-07
8.340646812573823e-07
8.321147937155488e-07
8.301717358992994e-07
8.282354759498741e-07
8.263059821940614e-07
8.243832231429039e-07
8.224671674904125e-07
8.205577841122928e-07
8.186550420646813e-07
8.167589105828909e-07
8.148693590801679e-07
8.129863571464587e-07
8.111098745471855e-07
8.092398812220333e-07
8.07376347283746e-07
8.055192430169315e-07
8.036685388768781e-07
8.018242054883786e-07
7.999862136445652e-07
7.981545343057527e-07
7.963291385982922e-07
7.945099978134322e-07
7.926970834061908e-07
7.908903669942351e-07
7.89089820356771e-07
7.872954154334407e-07
7.855071243232296e-07
7.83724919283382e-07
7.819487727283244e-07
7.801786572285989e-07
7.784145455098036e-07
7.766564104515421e-07
7.749042250863814e-07
7.731579625988175e-07
7.714175963242495e-07
7.69683099747962e-07
7.679544465041144e-07
7.662316103747402e-07
7.645145652887514e-07
7.628032853209535e-07
7.610977446910663e-07
7.593979177627528e-07
7.577037790426562e-07
7.560153031794437e-07
7.543324649628586e-07
7.526552393227787e-07
7.509836013282828e-07
7.493175261867244e-07
7.476569892428123e-07
7.460019659776983e-07
7.443524320080726e-07
7.427083630852648e-07
7.410697350943539e-07
7.394365240532828e-07
7.378087061119819e-07
7.361862575514977e-07
7.345691547831289e-07
7.329573743475692e-07
7.313508929140565e-07
7.297496872795282e-07
7.281537343677837e-07
7.265630112286531e-07
7.249774950371716e-07
7.233971630927614e-07
7.218219928184187e-07
7.202519617599073e-07
7.186870475849588e-07
7.171272280824778e-07
7.155724811617547e-07
7.140227848516825e-07
7.124781172999816e-07
7.109384567724284e-07
7.094037816520918e-07
7.078740704385736e-07
7.063493017472562e-07
7.048294543085543e-07
7.033145069671743e-07
7.01804438681377e-07
7.002992285222478e-07
6.987988556729712e-07
6.973032994281109e-07
6.958125391928955e-07
6.943265544825099e-07
6.928453249213914e-07
6.913688302425306e-07
6.898970502867789e-07
6.884299650021606e-07
6.869675544431886e-07
6.855097987701879e-07
6.840566782486222e-07
6.826081732484257e-07
6.811642642433404e-07
6.797249318102582e-07
6.782901566285676e-07
6.768599194795049e-07
6.754342012455117e-07
6.740129829095945e-07
6.725962455546921e-07
6.711839703630449e-07
6.697761386155709e-07
6.683727316912449e-07
6.669737310664829e-07
6.655791183145308e-07
6.641888751048579e-07
6.628029832025543e-07
6.614214244677329e-07
6.600441808549361e-07
6.586712344125461e-07
6.573025672822008e-07
6.559381616982119e-07
6.545779999869891e-07
6.532220645664678e-07
6.518703379455408e-07
6.505228027234937e-07
6.49179441589446e-07
6.47840237321794e-07
6.465051727876597e-07
6.451742309423424e-07
6.438473948287747e-07
6.425246475769825e-07
6.412059724035488e-07
6.398913526110812e-07
6.385807715876834e-07
6.372742128064303e-07
6.359716598248471e-07
6.346730962843921e-07
6.333785059099428e-07
6.320878725092861e-07
6.308011799726119e-07
6.295184122720108e-07
6.282395534609742e-07
6.269645876738994e-07
6.256934991255971e-07
6.244262721108031e-07
6.231628910036932e-07
6.219033402574007e-07
6.206476044035394e-07
6.19395668051728e-07
6.18147515889118e-07
6.169031326799267e-07
6.156625032649712e-07
6.144256125612071e-07
6.131924455612702e-07
6.119629873330212e-07
6.107372230190934e-07
6.095151378364441e-07
6.08296717075909e-07
